1613.04 115.469
864.314 -173.922
-1139.18 2512.7
1905.77 -3112
-2189.65 -1632.11
-2153.77 1434.01
1359 1046.45
-1971.62 -137.102
-424.802 -1979.15
-1602.31 286.255
655.215 1409.09
2275.8 3383.12
-2126.55 1128.87
-1808.59 1020.58
3273.4 1433.54
-1196.93 1925.7
836.226 -1678.28
-2673.02 -3170.03
1402.57 637.045
21.6661 883.701
1261.04 683.189
-1131.33 -105.028
-115.862 -487.044
-1223.26 -57.8318
982.821 4462.18
269.976 1703.64
2953.89 -616.437
118.741 -1613.81
958.546 -263.498
-414.361 -2003.76
3601.92 2462.91
2915.52 2586.68
-2775.47 782.348
833.989 758.746
3361.22 776.25
719.77 1439.66
5596.27 -506.868
1672.44 -1597.88
1271.81 -1915.54
1102.81 1400.82
-1968.36 2831.69
1327.75 -1525.17
2003.59 -1888.4
4106.6 -3016.46
2181.26 -3134.81
1198.66 961.25
3062.73 2511.07
1394.32 -1064.15
597.45 -410.626
488.899 601.689
1199.63 5793.82
2903.69 4487.66
163.321 412.869
210.334 92.5726
-604.086 138.037
402.881 83.168
976.647 1698.72
-116.432 -1216.5
-809.432 -837.564
-229.297 -30.3846
3188.98 -128.829
445.513 -496.888
-2694.73 1055.35
13.1839 -1716.83
-527.253 431.836
1128.8 -1779.1
-866.095 2637.75
-1359.59 -1511.19
1141.29 3601.42
-1951.51 1834.77
4224.95 -1645.43
1907.03 129.061
-868.296 -1710.92
-46.3513 -1249.05
3243.54 1763.56
103.003 34.7356
4863.13 -1454.37
2110.14 609.895
-1606.43 2322.04
1830.27 -1437.18
1758.85 -101.158
-1566.61 -901.627
-277.684 111.595
-1930.27 3139.11
-3431.54 792.066
3401.41 3307.16
-1009.53 247.232
-1165.05 1492.01
4170.82 -2891.49
744.92 630.324
-2246.97 843.024
2372.76 2985.94
-1014.68 -757.206
-1255.26 -1030.26
1069.1 2354.95
1815.95 -672.686
-1202.65 207.975
-1990.19 -2392.4
601.467 1112.46
2231.33 2363.42
-3166.31 -828.878
-728.039 1278.56
1655.09 3043.1
-2189.43 -1671.48
186.682 -2317.36
-1390.19 3155.21
-1685.38 -38.4243
4296.37 -1576.76
-1377.88 -1053.43
794.503 1901.54
5351.79 649.642
-2991.08 2692.17
220.337 1988.08
3406.24 414.523
1889.35 2403.16
4556.16 181.73
-1952.05 1264
-892.692 25.9366
-683.33 -3397.92
-668.582 -101.117
-4397.48 328.25
-1526.54 -931.607
1974.25 1431.31
-840.328 -605.883
-247.975 1872.74
-268.512 2409.88
4587.59 -512.367
3355.52 2864.4
-598.869 4262.07
607.472 2537.98
2512.13 1081.62
1787.32 2093.16
1758.01 -1517.07
562.839 -808.304
1490.21 1870.07
-196.552 -1922.3
1000.68 40.1673
1045.25 2936.17
3279.95 702.535
-1036.84 249.656
3769.3 1410.05
-1885.94 3139.6
3420.35 -5442.99
1034.27 -341.396
-2582.91 -334.326
-679.272 250.796
-1617.49 4493.93
-378.072 1822.41
205.475 206.231
-320.518 3549.88
2459.41 -495.943
2343.1 -1209.26
-507.438 1171.25
1007.89 -903.489
2132.53 4312.17
-533.763 1233.71
1292.92 4010.5
880.858 -2004
-1183.5 3221.89
2941.14 369.049
2722.22 1093.53
2160.42 1741.27
877.908 -318.817
-2346.73 447.066
-2104.86 -142.793
2420.93 1167.26
-1042.4 2873.51
1753.99 218.093
2896.31 1167.45
2387.79 -343.479
1762.96 -1141.14
2618.81 4138.32
-160.078 484.145
1458.95 -585.68
1317.95 2255.7
1730.62 -1739.21
3536.75 1339.43
-127.685 543.624
-919.047 -2529.03
-115.657 4392.3
84.2451 2821.24
415.903 2783.11
2626.28 2519.68
-220.194 2498.57
-1770.43 -1891.95
97.344 -474.949
-1188.7 -1742.85
-176.752 -1205.84
-1237.85 -835.47
-802.72 660.939
-385.172 2220.52
-52.4858 1137.11
233.266 -1254.53
1826.57 298.51
1599.32 -256.103
-1946.96 -831.644
1518.94 3264.19
2261.05 177.786
-1698.23 -2658.63
3710.16 -3236.38
178.648 -2233.71
-850.235 1499.03
770.069 679.282
-247.547 1882.62
-270.168 -2516.78
1839.67 -847.707
-4564.75 -1501.06
-3067.92 243.193
358.134 -401.264
-1530.75 -1627.83
-462.045 -35.1597
2781.61 -481.731
-102.643 893.088
1549.41 1743
-164.124 256.594
1863.41 4730.69
-1335.92 554.121
-333.679 1220.33
1186.13 -2049.29
-1855.5 3800.6
3700.39 172.404
3053.57 -3362.16
1371.48 95.9268
1189.48 232.436
899.388 -308.833
393.112 -974.913
151.704 2046.79
346.306 3650.59
-1011.24 -1188.63
761.531 -2659.69
-580.095 319.42
-871.852 1928.49
979.028 2138.26
-3222.27 2468.58
3029.15 396.484
-3676.72 787.213
1103.47 1315.2
1794.34 466.734
1857.09 2305.94
27.7197 -370.001
2874.15 981.048
41.7765 -62.3251
-142.025 -680.178
912.291 -199.388
2075.34 2349.67
1184.93 5350.13
165.271 -915.753
-53.532 -435.618
-850.719 2612.7
1994.47 963.139
-1932.4 -251.329
2676.73 -493.011
1496.86 132.777
2001.23 770.908
-2405.57 -930.967
1193.68 3579.83
680.306 -1993.44
1707.79 -1493.54
2040.8 -551.704
-2754.76 -669.597
18.0766 2792.86
-549.896 -1335.96
-2994.75 -1927.19
-754.716 -2078.15
-414.12 3223.27
386.587 -1239.49
1730.6 1378.15
983.521 925.645
-1821.35 940.941
1902.86 1754.75
3024.38 336.036
4165.74 -1948.18
2158.73 2358.65
-641.529 1484.16
201.545 -692.017
-295.875 -1991.38
675.833 -790.368
-716.539 -965.815
48.847 -1604.09
-1910.05 499.057
72.8298 1457.2
1032.04 3018.62
989.096 -1959.44
-1388.67 -465.92
-1728.42 -1127.43
-1985.74 -4452.21
-1970.55 -150.92
-378.203 2721.03
785.852 3222.11
331.642 896.672
-1193.83 2506.24
-1831.83 1010.15
1788.95 1787.03
1586.48 -236.988
3089.02 2226.04
650.067 1975.05
795.975 906.378
3098.2 -954.74
2312.14 865.241
1734.19 -660.896
609.967 390.245
3460.27 1965.89
2298.18 -1057
617.639 2069.18
1957.84 2948.2
4714.92 3570.47
1512.19 -735.741
836.264 381.519
-1365.68 -1660.22
-270.171 43.7251
-2500.41 2022.34
601.331 2926.11
408.821 -584.961
-1545.78 574.164
-2596.89 3468.84
-1153.63 865.136
-358.029 374.821
692.221 69.9812
3003.34 901.849
-1457.67 -659.203
2404.22 2232.62
-2509.09 -1371.36
-413.285 -566.465
1945.06 826.822
-3391.16 241.835
2132.46 1337.5
-195.913 -2045.17
-1644.84 2490.05
1610.49 1777.81
-466.54 -1383.29
1978.97 2756.58
-1147.58 1345.57
742.216 515.277
3397.33 978.568
3741.41 -220.753
3899.88 499.996
1858.42 -410.16
2729.91 276.269
-1772.07 -814.62
-3096.44 -107.485
-2496.28 543.607
1989.51 2133.01
1743.09 -2751.66
-125.999 -1796.9
-1291.34 -2612.84
2257.03 1340.05
1937.3 -354.444
1535.97 -866.321
-649.099 892.286
-935.007 662.789
1562.28 1638.33
2261.76 818.99
-1095.81 1701.21
1250.52 1034.02
-1106.22 -1697.53
1742.45 -1124.51
315.996 1538.16
1648.34 1576.36
484.058 2841.86
2637.62 924.54
-5400.43 1900.53
238.873 5195.5
1398.32 99.0876
-1953.25 3166.55
-1013.69 -3990.74
-5.65359 333.479
-2111.88 -162.454
569.327 -489.825
4328.2 -113.217
-341.187 1631.99
-1537.19 1642.09
-462.444 -2105.42
1373.15 1434.13
1493.74 -1813.44
2339.29 2056.18
-1331.63 -647.902
-327.233 -644.187
-350.619 -231.451
175.208 1517.09
2106.78 -2504.87
2998.62 702.53
-54.9315 -1037.23
228.924 2225.47
2254.08 2573.7
-3608.21 -1822.73
-2424.77 -2634.1
265.977 1492.92
-3798.14 1487.57
-1831.69 1045.03
-3765.86 4336.08
2131.83 1314.43
4137.75 1623.08
-510.09 1708.77
1676.8 1097.05
2408.7 110.706
777.085 1490.87
989.819 -1384.19
3741.75 -2655.08
-981.518 -784.185
4131.38 -1553.86
2371.38 -436.063
1091.78 2302.84
-624.271 -988.713
1176.7 -1896.04
-905.54 2798.51
-3288.38 -253.396
-498.873 -3415.93
937.383 433.13
3416.86 -911.042
-1695.63 1402.37
836.466 -2265.69
-988.641 546.823
530.771 -346.476
-2881.5 2166.73
1495.02 1480.9
-88.6899 -1564.61
-543.325 -3359.31
-4266.52 -1225.74
-1139.71 406.425
5076.97 528.724
-2448.06 253.68
-1841.13 1225.52
-2080.52 -2133.91
2919.76 -375.895
1063.09 -1626.07
679.952 -2313.84
1081 427.064
867.858 1761.19
1868.27 974.536
-575.922 -2307.09
2094.84 405.073
-42.7725 2639.16
2470.75 -46.1736
-1145.98 1854.58
1760.53 689.396
2577.77 -689.172
683.885 3422.36
-808.753 -959.973
1777.01 44.8653
681.296 -170.813
-105.467 -907.213
283.821 -910.451
-2839.97 984.027
276.283 378.431
-748.099 2931.14
3550.57 -202.664
-2098.1 165.867
2337.86 -54.6736
2630.4 -1378.06
3154.14 -275.402
1770.43 -916.086
-673.51 -284.041
-2909.98 4755.51
1730.3 1957.43
-794.091 2245.03
-2128.88 1649.41
139.731 -175.554
1310.96 -958.649
-115.384 2067.03
2254.01 4355.17
1737.73 614.564
-285.509 418.934
2203.27 405.725
1310.47 42.5638
2832.19 1354.42
301.43 708.312
368.437 4588.41
1831.1 -1787.86
-505.578 -3296.13
-277.684 -1144.51
34.6806 -1809.38
3455.71 2566.32
683.163 -1410.33
231.398 683.341
710.205 -320.591
-776.655 -340.223
1538.19 2046.62
1518.51 -842.326
3147.64 1028.08
2993.03 -286.42
1634.6 3713.73
-1850.32 753.646
-336.666 -4027.93
3110.42 523.357
627.583 714.784
1810.18 -2003.16
792.188 2267.65
2870.34 2583.42
1266.5 -1005.82
4944.79 -325.729
-328.894 -268.671
491.031 4198.98
215.345 1943.13
1024.4 1361.32
741.792 -2467.84
1415.73 2180.92
1587.92 -3370.8
-743.734 1415.07
-1630.6 269.982
-1225.44 1031.29
607.747 1096.33
-784.564 2995.89
-380.875 -764.778
-1079.74 -180.944
-672.822 -934.188
450.782 978.457
-3092.52 1825.18
2544.77 1001.99
-29.735 1750.78
2000.73 -867.316
700.136 1023.71
-420 -802.336
3633.1 1083.29
1917.67 679.299
545.579 3016.11
1896.89 -658.032
684.274 -1278.79
3517.93 -1038.54
-1633.91 2715.52
-1967.14 1784.98
-284.207 3216.22
-2077.34 403.429
-1396.99 -1373.15
-1907.89 2327.91
1703.53 -2068.4
724.682 -3454.91
3182.02 754.066
274.823 128.96
2736.02 666.032
3113.55 3833.57
-1670.45 -15.9303
-367.057 4202.82
375.943 4250.32
1178.38 566.226
1592.25 -3273.93
1519.39 -144.194
67.9855 -37.6362
-321.929 1217.66
914.954 3036.24
2566.28 2471.26
1113.04 -1979.93
-1382.16 -22.9195
-641.334 -409.265
-757.764 2728.06
-663.295 1116.3
-1292.22 3161.11
316.163 439.142
1278.8 569.982
972.556 2244.7
-1229.58 431.418
-1336.18 78.8547
1702.89 -2247.25
2138.06 -2292.91
-3055.42 3680.39
1531.08 434.151
-223.293 613.67
-24.22 1839.62
5501.97 -122.727
-1690.61 2714.26
797.499 1483.35
-922.96 2220.41
-1606.42 -2399.38
1415.12 -19.3292
1785.72 1680.79
323.277 -2838.14
117.58 1087.32
1495.5 -3338.83
2213.1 -2789.07
2874.14 499.782
-1079.04 -238.893
-1889.11 -1190.54
1291.41 -703.913
966.658 359.476
-2564.47 -3876.71
19.9105 840.471
3265.65 3294.49
69.1161 3386.67
-913.712 2931.02
338.481 -466.903
-857.576 1050.15
282.293 -1791.82
620.764 -462.123
1857.05 -744.429
145.25 -221.088
1275.78 271.033
-1106.68 -2843.8
3858.71 2614.15
-249.077 -2187.38
650.031 -2072.8
3165.16 929.882
-2203.11 -510.189
684.17 -805.625
3377.01 -348.163
637.204 3278.61
1045.14 -611.045
953.329 731.03
52.9145 2223.17
886.371 -3441.93
2211.87 1310.11
-1063.52 -104.381
3657.13 -2844.6
849.88 -770.496
795.727 1886.24
832.633 2697.56
313.722 -623.548
1723.07 2838.97
171.902 1217.33
2998.89 2739.37
913.578 890.813
-356.426 -1992.92
-353.942 -682.67
-1264.1 -458.004
3933.6 1361.73
-1951.64 -858.354
1297.67 -100.373
289.848 1140.99
-1834.02 1394.72
-173.55 -877.092
1926.73 1383.51
417.381 2787.42
762.787 784.764
291.043 -806.118
-646.634 -4919.42
-3124.65 -1236
1552.67 442.78
2663.46 808.522
-2907.22 2795.43
-4265.32 321.754
-2124.58 328.892
1898.36 745.998
-1810 -321.412
2209.67 340.376
2406.09 -1469.72
1112.24 2489.49
-656.846 1212.75
3353.33 2066.16
293.266 738.856
-494.42 693.353
1753.42 970.756
111.227 -1773.91
1022.33 171.683
3730.16 -294.466
-207.839 47.9285
-3625.29 639.658
941.72 -2572.52
39.5919 3648.87
-1160.53 -746.322
-1453.57 -422.879
-1091.19 1991.8
1568.87 2997.43
169.137 649.408
-418.381 1283.06
783.866 -436.138
-855.681 1647.2
-983.603 450.587
1350.05 -117.566
-30.4675 -965.343
-1840.06 519.38
403.653 1890.41
2082.97 -695.732
-612.382 878.629
763.517 490.206
-732.767 -3826.4
184.687 -1358.11
2673.86 -342.212
693.865 -3098.68
1288.46 180.68
-606.946 201.17
2104.01 1357.1
566.993 1266.74
-1106.15 758.782
2361.78 1735.9
1126.07 2285.4
1308.97 -1375.71
1524.26 567.749
1241.31 -561.507
-5.60159 1894.35
2668.25 -2484.9
-492.172 1021.09
-1409.58 578.852
213.273 2984.9
535.728 -29.7529
2312.71 3611.37
534.603 3351.05
1683.4 1133.35
1989.17 3059.4
556.241 -607.956
-4477.26 1559.75
326.654 2230.7
4021.7 -472.693
856.552 -1051.44
-1480.14 -963.403
-502.094 -125.441
276.644 -1273.64
-2616.98 1884.34
772.697 -861.75
1829.09 783.977
-1081.46 937.934
-1800.86 1011.3
1524.19 1531.04
309.279 4859.96
1168.3 -1483.85
1535.33 -1272.82
-1480.71 641.565
2742.39 1157.19
-701.995 1279.25
771.36 195.022
1031.99 -792.986
1591.06 -1081.46
5235.14 -1565.12
-1318.01 -211.889
1702.67 -783.414
-2490.9 637.292
-3007.68 -2329.38
-1170.46 411.243
-4122.47 157.526
1171.22 -408.343
1041.1 -1022.81
-195.869 2311.22
829.863 140.072
2841.44 -1945.05
3101.48 -163.998
1194.18 743.819
4777.53 1514.81
-163.902 789.553
474.7 1509.28
3417.93 363.588
-740.711 -1498.29
3.20846 -2259.66
2997.51 103.604
1767.37 -1723.86
607.325 538.736
3633.32 1063.99
-615.526 3171.04
3066.28 824.99
1149.38 1550.8
-1771.35 2118.39
503.04 -179.517
-376.763 1548.62
-197.116 203.767
989.381 1727
-391.082 -441.173
1777.19 -2004.21
2656.73 3353.88
127.82 1683.64
906.449 -1135.46
992.989 -159.733
-866.488 4198.62
-1290.76 874.609
2285.41 3287.05
3591.28 -1396.6
-1113.87 2668.88
1803.06 5172.11
2250.23 316.419
-313.276 4554.37
2129.43 -2036.75
2961.73 225.917
-881.253 -2520.65
-4195.99 -144.252
1197.33 1283.37
1118.58 -2853.44
1353.7 3097.04
-376.777 1063.97
2737.56 1047.91
-1446.12 -1481.38
1137.81 3090.87
3493.79 -3800.12
261.361 -3903.37
-308.942 -2757.57
2093.71 -2023.19
1140.31 910.581
1377.92 3588.47
-257.054 363.646
-2186.93 -1924.82
2810.73 -203.261
2372.06 5.47112
1807.52 93.0015
3493.83 1790.29
1573.74 -26.9143
2594.9 -2227.2
-1467.15 -467.591
-1391.69 1503.92
-1640.32 1349.89
1665.61 -2436.79
320.242 116.999
525.103 -4223.72
-657.982 3098.76
3436.08 -543.053
123.657 267.753
829.905 -790.064
-1069.89 -535.312
3626.24 3100.97
-713.322 -1222.87
1824.35 -686.911
440.67 1603.82
-3061.69 2617.09
-1587.64 626.332
-1658.31 973.926
-756.294 539.131
348.853 1920.12
-860.277 1947.36
807.3 4547.41
1416.52 654.855
-1039.2 3023.39
3093.6 830.732
731.77 -302.094
-469.836 2296.85
1147.48 2086.43
1251.78 -77.7823
1989.46 1239.76
3000.5 1840.37
360.084 -1277.8
1130.41 -362.612
977.896 2095.42
-821.473 2512.16
2141.42 490.694
-146.765 -138.673
-730.893 -41.1283
744.427 -407.502
793.567 588.585
50.137 2554.05
-691.314 -379.089
1009.54 -1710.97
851.058 -1233.65
1945.29 3592.31
507.763 985.771
-133.832 526.333
-1348.91 489.699
3667.64 -2110.16
2222.41 -76.2697
-415.255 290.823
1777.05 -1.41672
1284.26 587.318
37.8027 -1197.43
-1590.1 719.461
-237.788 -2851.48
-1746.63 1395.69
1421.96 652.953
3711.55 -1074.71
-375.493 -2093.43
3240.74 815.321
847.682 -2283.1
1173.98 383.933
-128.389 -964.128
-2336.46 2419.1
-431.944 1810.03
3348.85 1148.38
3433.11 -2071.46
4129.5 603.387
-1419.39 1200.67
-2567.05 1427.86
1645.73 844.93
-79.4753 -139.104
1287.6 734.488
962.287 -4071.5
4378.46 -3328.44
-597.468 920.613
2069.35 1292.95
-1590.9 -450.917
-1717.76 2622.91
340.324 -4527.65
-2938.72 2969.04
-1227.98 -1536.39
1829.79 -2007.31
299.566 456.785
1393.41 -1701.93
1625.17 -521.018
1779.53 437.576
-554.541 -917.093
-675.046 964.991
399.485 614.511
48.9678 2901.7
-608.199 639.611
374.762 -1195.16
4950.9 3011.07
1841.04 2696.06
1985.56 1361.8
-298.279 140.98
340.109 2767.89
-441.464 1138.51
-582.809 901.496
3977.59 -1653.99
-2298.7 1335.22
-559.834 1510.54
1546.58 2193.28
-1627.88 2865.43
-1959.95 78.809
677.057 -356.356
3214.67 321.405
-921.614 911.974
1395.67 2494.64
2511.04 1784.8
1404.7 971.166
358.527 -2274.84
1234.66 312.402
-715.02 2553.02
-305.68 1556.42
-224.46 512.526
2501.67 -1276.68
-1612.63 -1415.68
1810.7 -1813.06
519.322 -840.104
1393.34 -1417.98
999.622 1421.82
-1147.21 556.692
-76.4225 -2468.38
-433.904 -1136.48
2014.84 292.856
127.3 2490.77
930.827 1438.9
549.327 2253.46
200.084 -2500.65
2260.47 -461.321
2869.72 -2482.33
-2479.55 900.672
1374.11 1657.5
-104.193 -1142.62
-95.7132 2072.4
-897.028 1059.6
-1175.5 969.652
3463.92 527.463
814.635 609.024
-1215.31 394.119
-2430.54 621.918
-946.943 1735.19
-1195 -766.753
642.106 -152.915
1378.71 865.043
-254.207 111.496
2313.98 466.226
-1226.96 -2406.19
1562.03 617.223
997.68 689.066
1854.16 630.154
1400.96 2476.09
19.9003 281.941
2562.47 1653.82
1702.91 1617.97
4454.41 -2672.05
3048.48 -907.161
-2252 1849.51
1409.43 1135.67
709.285 1753.63
955.549 2076.9
89.7471 2854.45
-233.618 -482.655
2844.44 -1684.41
-3088.33 -826.901
-1225.65 2162.55
1709.85 -1481.12
-945.17 2003.3
-404.119 1116.24
2615.85 1600.57
-2603.47 832.321
-1693.44 -917.979
2696.93 135.584
-2718.02 -2195.99
1103.17 528.762
1487.1 -1470.91
3450.53 2581.24
-510.653 505.553
-2077.25 -127.253
2074.5 776.991
-901.939 1634.1
799.8 835.491
2767.01 1051.13
2135.43 1249.53
2656.05 85.2105
162.702 -1086.52
2074.2 -1313.44
-3170.31 890.044
-2789.89 -1448.59
4203.88 4631.19
1059.24 187.813
2230.64 -4079.76
846.934 -3223.35
-2423.57 1963.19
619.404 -2166.46
-478.875 2708.38
1770.92 -3064.41
-980.973 916.941
-3306.67 480.997
-176.391 -621.791
-355.549 -2707.37
2545.65 -831.723
1.35486 -279.91
-934.359 -1150.96
-1400.97 -49.536
1653.2 -3052.1
3813.88 -882.633
1023.35 -269.426
554.155 -530.764
-889.251 -450.121
67.0505 129.881
4083.08 1794.27
-381.869 -2807.92
488.436 441.693
1992.9 3692.06
-307.64 -191.022
660.9 2306.03
3264.64 -419.324
327.504 -1385.95
205.22 3652.07
55.041 -889.26
3180.15 -380.278
1431.08 -507.811
4101.05 790.668
-195.587 2122.38
69.3228 1467.01
-1564.1 425.109
-1544.15 2404.72
1405.92 466.822
1882.35 3434.65
920.242 937.082
1045.23 -3545.92
-2079.11 2145.24
-53.3784 320.458
-1326.72 523.595
3708.75 2313
15.0885 2841.99
4093.93 2897.89
-779.794 -1768.43
1467.55 51.0462
291.309 2802.32
3783.92 780.907
179.933 -53.1004
689.101 3123.43
1348.42 -1796.6
-1659.47 1944.62
-429.021 401.156
2058.15 1163.01
-216.922 -789.913
1516.56 1049.65
73.7395 1613.98
252.455 1001.85
3656.86 789.154
-381.987 741.519
1467.66 1733.67
1565.35 699.261
1028.41 265.362
395.088 -831.998
2007.16 718.75
578.691 -632.1
-1311.08 -86.6972
870.847 -1147.6
1769.15 1242.88
243.47 2692.77
-2612.3 -2114.63
3280.56 -4660.05
-190.677 2327.05
-37.9887 -1715.86
1299.96 963.028
585.358 670.745
1805.71 -566.681
1520.54 1562.66
257.806 3769.07
3832.72 2587.8
1527.12 611.406
2641.55 1333.31
39.7521 5645.2
107.786 -1890.84
3311.98 2326.24
949.239 3629.71
113.2 927.396
741.355 -1152.46
480.077 3488.16
3228.86 1661.74
1981.23 -1604.42
6587.81 -643.157
2670.07 -250.047
891.694 -179.544
575.242 -2409.09
-743.283 3473.42
1836.05 -1283.43
-843.289 1744.82
2173.28 -4738.92
1484.71 1697.83
-545.826 1192.13
2448.41 -1147.83
185.288 310.364
1146.57 732.834
-1093.33 -218.091
2835.1 1059.57
-223.827 2165.75
767.148 2841.15
1188.26 2095.22
2151.77 -3019.55
0.995288 2135.25
-74.6176 259.885
224.578 1881.85
1031.86 1597.04
-273.446 -2821.49
3009.92 1451.02
-248.205 1628.17
1577.32 705.978
2958.42 2183.16
2926.8 1127.24
-279.013 -2999.14
834.053 1257.43
1576.93 -2094.52
1800.7 2785.64
190.436 -1069.86
-1111.29 -1611.63
-171.56 -816.524
-1382.64 2446.57
-2441.22 1827.56
-3508.2 -647.873
8.47857 2582.89
3617.5 50.4018
653.466 -329.643
1755.08 1449.83
608.856 1497.52
738.181 2386.57
102.378 1026.1
2325.87 1516.36
2865.15 -1733.78
1761.33 2529.4
-4238.53 2719.8
933.456 -1282.23
1589.1 -1886.91
3211.83 1565.33
246.1 1221.66
-2929.75 241.435
1470.87 687.883
716.94 118.553
-1380.92 3075.79
-85.097 2895.06
3009.62 643.337
922.653 3536.8
1366.01 2995.51
1395.38 -1131.97
-1417.06 -255.651
2152.59 -51.877
-1028.2 94.6688
2194.5 -169.707
-326.842 -658.959
1551.32 -372.051
-440.391 998.115
-1013.94 1273.68
1640.27 460.639
1567.04 -1329.01
1371.71 3271.65
-832.506 -431.472
2746.03 -533.655
5104.01 3040.51
1280.84 158.417
1677.58 3175.58
2340.48 -1126.74
-1140.48 464.734
799.86 -3212.77
793.452 1246.07
942.216 196.364
1761.54 1682.64
945.098 2675.7
2857.31 1351.46
2048.27 2298.42
-3384.6 -528.427
985.878 1958.16
-2661.3 874.753
672.918 -2259.55
1990.53 1360.93
-426.837 3580.83
541.787 1704.22
1414.42 2341.64
1892.32 4895.48
2334.47 -709.568
1982.33 -1461.34
2288.78 3537.43
3313.31 -772.467
3920.58 -3711.97
1646.91 -1013.8
3715.74 1199.74
1671.03 3049.67
1414.28 2876.14
776.313 10.8372
1312.71 -334.38
870.153 2962.74
1476.43 2924.32
-1082.08 -3157.89
1771.85 692.883
-1115.04 4396.86
-430.779 2637.49
6962.63 75.9672
1418.81 -1795.7
-2088.45 3636.15
-260.924 -194.013
256.899 1429.17
352.781 1392.82
-846.674 1349.21
-378.297 958.966
1728.33 365.121
1014.98 -638.845
1327.51 -1994.13
3951.26 -460.263
867.507 -2394.51
-23.5449 -975.622
1400.71 580.762
-938.057 1729.67
74.7888 108.732
2407.46 1477.08
-1576.42 -3432.53
-1099.6 653.035
1353.71 -1744.58
2338.39 3352.02
2651.33 3357.66
1724.02 1750.08
1663.76 -22.3018
53.4121 -192.57
582.986 -2390.44
2564.61 1544.04
-436.131 -2522.58
-1013.6 3730.57
1754.36 -1555.63
2201.16 2210.89
3019.47 2145.2
-397.006 1936.11
-396.656 350.174
-2538.48 515.211
2592.96 -321.682
-649.836 787.235
2502.88 340.233
1147.64 372.991
-3250.64 3201.54
349.871 -1439.6
1642.18 2096.39
-1115.34 -1540.45
1126.78 1099.44
-2006.98 -82.5071
283.604 3431.3
6089.06 1690.73
-1548.08 2025.11
1288.74 532.944
-361.59 3093.55
921.614 -881.091
596.256 -964.433
1461.57 3640.89
427.511 2027.64
472.619 1540.43
4694.37 -551.693
-1524.13 1256.15
-1540.07 3647.67
-1254.67 -739.944
-523.093 787.339
-1311.71 2617.15
-4099.2 1782.75
2377.02 -1839.66
2066.96 3425.02
1109.92 1763.78
4582.09 -400.793
2667.14 2589.96
1161.99 -645.532
-228.777 203.897
-1634.21 -738.649
-498.049 -1404.28
2251.25 -2271.13
2170.66 -2525.97
-307.238 1339.57
2447.23 3682.91
950.725 276.798
1511.03 2024.76
985.679 1142.08
-357.066 -1838.27
2888.27 929.731
2014.89 -1985.04
1961.21 455.999
622.961 2088.23
-117.069 282.764
-467.542 98.9757
3283.62 861.158
525.171 -577.36
995.239 -800.762
2156.53 1188.2
3653.66 2938.98
2233.43 -860.463
2139.83 2458.4
-1932.32 -922.19
1004.33 1604.64
3061.97 1310.4
-696.495 2844.35
2245.37 886.54
-188.172 -1726.74
3507.53 2102.86
1469.36 1418.85
-163.975 1297.64
-2078.43 1053.56
2674.62 975.05
2998.77 52.2786
-342.757 2093.76
1615.38 2138.65
-232.308 2075
-1369.09 -333.602
178.029 -229.282
-2646.76 4988.83
-238.89 1317.74
1484.07 -285.819
-760.056 -967.958
24.3215 545.005
-3959.98 1161.08
2964.05 121.963
2626.64 3428.14
-1612.25 -1016.26
3725.66 1018.34
2436.43 1108.46
-493.094 -54.4356
1612.07 21.9925
1205.2 4452.32
342.576 445.89
-3139 1099.98
2593.32 1432.81
-1818.1 1380.22
2309.58 -1067.72
2644.51 -461.322
277.015 2316.52
-417.016 2209.55
2687.31 1375.6
-3331.73 -715.693
-176.156 3489.5
2.04839 597.401
2965.42 1892.78
3844.54 -1272.41
1782.16 14.3698
5694.04 2228.01
360.06 -428.372
1056.84 779.856
-203.582 2641.92
946.935 -1071.7
-815.464 2354.02
-1282.55 1143.3
-2619.92 1145.02
4564.55 -331.452
205.457 932.878
-2612.25 2189.98
837.66 700.662
-142.804 2107.03
-88.6287 3300.08
669.63 -530.684
157.525 -107.319
2961.16 -2189.61
-1112.3 2820.89
17.4378 2547.82
2130.96 -151.054
1888.69 4413.16
-918.621 -268.827
72.2582 2911.27
3070.42 1126.21
3001.54 39.7571
553.825 -328.144
-840.135 2711.17
241.304 1825.68
116.025 51.3028
276.044 -2644.74
2462.31 58.0061
1184.79 1736.25
885.678 -870.269
-2547.68 -3367.47
-144.569 76.435
603.484 1164.73
1696.26 1958.54
2566.91 2719.97
3512.09 -439.451
223.694 1275.29
2022.14 342.713
2555.93 1135
-821.11 1882.06
1211.28 -2765.53
1109.36 806.539
3494.2 -726.717
2496.02 -1218.4
919.867 -1631.58
3112.98 -645.576
569.773 -2873.29
2648.41 3247.74
3414.54 1948.49
-35.945 -248.594
2060.81 -1342.91
-471.524 -2561.48
797.952 1196.37
1986.96 -2075.21
2085.46 -163.224
1383.82 260.512
711.767 -603.014
2686.52 -643.509
918.931 1442.74
1172.73 939.571
29.0965 -1833.4
1097.66 1125.79
-632.22 -909.126
2977.6 801.065
1473.04 -799.975
-2345.88 2091.66
-631.427 3059.25
3578.56 3187.81
3563.03 388.936
1915.76 2006.58
-97.1344 -361.219
2356.34 -1376.72
2132.95 2603.34
-2981.82 207.073
470.356 362.94
2122.29 1520.78
-1172.45 3544.82
1690.95 2043.28
-3412.75 2226.48
-1737.2 -948.317
-2128.48 -2555.24
-324.246 921.969
2710.67 1115.05
3041.72 1009.43
225.808 2033.08
5331.12 876.4
-116.229 1457.47
2579.55 2239.98
2541.24 1556.98
-1794.76 -1511.84
1568.65 4287.88
1388.92 1566.57
-2044.72 -430.958
-546.02 2865.36
1720.93 4851.79
2187.2 5484.1
-2276.68 1784.55
1512.38 1094.94
-2492.84 1559.76
256.129 979.82
3614.02 1096.11
-328.492 -20.7802
2685.71 3369.87
1267.48 2602.82
340.056 578.722
785.677 145.724
914.203 3599.04
-840.12 5045.41
2691.14 -1605.01
-86.7234 -2918.45
2115.38 3447.77
2425.25 3107.26
416.657 -659.737
513.851 1268.51
956.931 478.744
-79.2661 1139.11
2302.56 -596.391
2832.42 3016.43
-444.008 2077.2
1113.93 -2235.7
2610.24 1094.92
-3312.53 114.312
4210.22 1796.94
1766.2 776.796
508.104 1616.83
70.1609 2575.57
1944.2 1808.06
-3007.9 3194.99
-1082.97 -2671.4
-3977.88 2996.57
2924.75 1947.48
693.93 2833.08
3435.52 2236.19
-775.339 2700.01
-2027.15 -284.494
2686.33 2424.35
1186.33 -1635.64
862.033 -3068.26
3453.44 1613.12
470.363 7661.44
395.355 -2712.77
-4607.97 -601.803
3149.06 3.82793
3139.15 1689.94
-685.893 3666.49
511.444 -1214.76
665.148 3021.34
-1438.97 270.947
-324.906 6237.24
-818.88 1679.1
-44.901 1859.31
-1018.06 477.136
-218.847 -14.3073
-781.879 -659.298
381.927 754.822
-1743.15 2602.66
1264.71 1988.71
564.049 -814.769
1037.14 -669.594
547.894 3425.81
-1062.79 3873.91
1593.09 1140.53
3499.5 2639.66
1395.89 1567.58
415.061 2919.69
310.903 2618.46
3818.12 3740.02
3417.93 -897.701
2248.48 3481.18
2523.39 1026.01
1923.15 -751.026
1118.77 162.662
1372.6 2181.73
1092.13 449.378
1656.71 1067.03
-1014.11 466.705
-663.818 4374.73
186.825 841.211
306.387 -1449.16
1575.87 -292.607
1907.1 -488.611
3506.79 2188.11
-901.983 -2153.9
1979.86 1723.66
3163.64 4109.69
1248.97 -239.426
1653.82 -838.263
1751.6 2220.15
931.065 2913.89
-556.624 -1249.77
139.156 1322.3
2245.65 -322.368
2452.9 5351.27
2187.71 -927.159
-4583.27 1916.64
3011.37 440.436
2923.55 -1234.96
2413.4 1310.86
-65.1381 645.154
839.91 1704.07
161.504 466.082
1607.4 -737.391
1993.43 -1712.1
-1124.49 -689.38
5258.94 3134.44
2401.34 3626.63
1247.62 1329.77
-2255.22 1406.89
-1645.29 2835.93
123.062 1419.64
461.212 1037.95
1627.12 -552.283
379.166 -929.483
2987.65 607.213
-348.94 -3148.57
-97.568 1203.87
38.246 -143.091
2314.9 1646.71
2134.8 -411.427
2241.17 -1808.02
298.5 425.912
2552.04 2099.33
-267.11 1617.55
15.6243 2440.15
1751.02 624.699
2977.36 -360.343
2570.62 2135.5
69.1559 5146.84
-111.51 -1456.15
1190.13 274.449
2653.82 1319.3
818.938 2013.91
-961.347 1869.19
328.535 533.546
933.317 2190.84
3697.9 1843.34
2464.46 1435.63
1117.96 -338.516
3011.84 1292.8
-4985.97 -27.6581
284.821 -581.406
4439.9 2480.98
696.485 3517.52
2617.58 -23.5427
-3408.48 554.859
118.667 2498.44
935.271 1314.15
1843.93 -951.534
231.177 611.222
4276.31 43.6645
904.269 522.153
1589.69 -1487.41
1558.2 -873.128
-791.249 3684.26
1128.42 -4702.4
2196.77 2561.66
4940.59 573.414
92.6058 1177.96
1629.77 2704.14
2797.41 1276.22
1813.68 -67.8031
2515.8 241.668
87.4619 3181.23
-1653.23 -239.007
-277.812 64.9536
1224.88 1467.22
-1815.49 645.663
190.647 139.661
591.937 7030.73
2062.12 461.25
2298.61 717.795
-1994.64 -1578.08
-12.1297 5505.7
1934.69 308.542
-667.576 -295.172
3000.23 1564.81
3069.85 1472.36
50.4471 2407.71
-274.219 -1394.92
1254.06 2092.09
-1050.5 3791.39
-343.874 1167.4
-371.486 1562.61
-621.079 1361.96
-3680.67 -1906.87
-2522.1 1649.27
-694.566 1473.57
2541.55 4651.23
-180.846 2211.25
455.343 -1673.76
696.253 3248.19
2371.57 -2053.71
898.227 881.4
-690.169 -2075.03
1626.07 3348.1
510.831 529.289
3030.15 724.782
-1605.08 -1056.22
3311.32 -973.27
611.103 101.652
2689.76 -216.183
351.467 1023.94
-1673.16 1196.26
57.9726 282.793
1564.35 1879.26
591.344 -908.775
213.504 799.412
1594.09 11.8881
-353.333 -429.705
2672.81 1987.87
1092.91 -105.722
239.293 -2162.55
1330.11 -1140.41
208.371 1803.6
3664.08 1554.64
1304.19 -361.586
1384 1498.35
558.241 -2943.04
2104.73 969.28
3144.44 1340.51
3752.48 -131.043
-256.392 -229.244
2344.43 1757.52
890.702 -1885.21
3246.7 -845.013
-1753.36 1318.48
833.364 1157.46
-1902.51 1070.58
1011.68 2771.63
1938.99 1139.13
-1261.79 1138.75
2736.32 327.95
1654.29 2735.35
314.747 336.485
1333.74 1548.5
1684.5 -376.044
4493.63 2211.03
93.8822 2586.36
3240.85 -502.109
-153.679 1452.78
1232.27 1567.95
178.223 1470.1
1595.96 1401.23
-864.637 -45.9402
400.267 -1029.92
-1895.86 425.41
2907.07 745.333
1439.34 2487.12
-484.277 1643.48
859.779 3462.52
2549.34 3823.46
1301.76 1946.12
2452.02 3681.87
2147.74 1177.1
-114.45 3051.69
4813.77 3843.11
-1971.37 1775.45
1574.3 3515.71
1016.43 2001.97
344.622 1854.77
1132.69 1133.21
679.469 -452.953
1399.3 4891.68
776.157 -4269.39
1363.71 2878.22
-430.385 1418.54
-1262.25 1637.18
-4.10458 1018.68
-101.318 -16.1976
254.257 -2177.92
4672.65 620.726
1420.29 1893.35
1563.43 384.804
918.696 3575.48
5288.1 994.344
2077.46 196.663
870.911 -934.292
-1444.75 5035.19
-868.066 116.246
1365.23 522.837
2327.75 2370.63
-1119.41 -25.7481
3189.38 -85.394
1762.26 -2096.55
385.088 102.608
-649.496 1940.43
1303.34 -1599.66
163.69 -136.16
777.308 -3049.66
-1019.68 26.4042
-8.76168 3193
-1109.57 -2860.32
1609.85 -185.244
-497.172 -819.198
1015.8 303.346
1417.88 -184.98
-1267.58 3459.89
-1004.69 403.746
-707.444 -1234.06
-4445.27 4038.02
-571.512 1426.57
2326.98 60.4759
1705.92 -439.018
1213.64 1081.66
2460.58 180.93
-2769.25 1966.07
-4.57813 -2962.53
-619.816 -1049.2
12.3693 727.577
-44.2388 -506.687
178.867 82.9105
1748.29 2008.29
-1245.31 456.524
772.313 133.309
628.042 2651.54
-1093.26 -108.005
-1917.82 2506.68
533.76 1608.36
-499.045 -11.9779
-645.661 4039.11
3654.09 1502.37
-1970.26 953.653
4399.49 3773.39
-796.511 -1315.9
-1010.7 858.214
3907.88 -2475.32
-317.144 3738.88
-1531.07 1319.53
-57.1202 256.476
-1755.88 2139.88
3232.99 434.954
858.637 953.525
132.89 -232.073
-499.587 2154.89
3439.12 2835.71
685.26 5399.26
-951.82 2696.82
1646.54 273.805
2961.83 1451
2297.84 -1453.5
326.537 2579.85
-906.867 -912.271
-1985.83 5152.5
3087.86 -2271.45
-468.882 2121.6
4834.22 2817.47
1329.85 1418.4
1840.77 2404.08
151.481 6323.73
2513.11 1265.75
3266.94 1844.01
-2929.32 1250.4
897.459 4518.17
764.379 -356.292
968.232 1695.57
2085.27 3588.5
1814.45 -224.103
122.082 -1227.38
844.996 -1081.46
1772.21 -3757.65
2019.82 1415.65
-1745.29 2107.59
688.857 -1707.39
280.977 -16.8788
2236.93 -496.121
2151.55 3530.49
-469.283 1374.56
1176.56 4398.67
2401.03 3559.68
551.637 83.1003
1961.89 522.365
418.986 1425.57
-254.257 211.269
1383.43 -937.875
-1547.13 4571.59
-983.925 -674.005
2031.23 -17.7608
1147.95 2105.66
1742.63 553.973
2233.17 985.686
-717.397 -2273.58
1084.25 1011.9
-244.671 874.525
-977.769 2033.55
457.229 995.75
-817.045 -201.961
4869.8 1399.61
-1336.92 165.085
4415.87 -1001.02
2299.98 1172.25
-661.668 173.015
3657.92 2024.17
-390.436 -2330.32
-3042.21 726.766
-490.682 854.702
1732.02 -494.289
-438.653 4059.85
-1145.59 593.521
-1292.3 3090.11
5766.38 354.688
1656.02 5757.96
1650.3 1830.6
635.055 1513.42
2604.36 -1568.04
4071.12 1878.94
-877.492 3535.08
1438.51 -225.754
904.262 2416.1
2890.94 -2228.33
-1237.74 -443.988
2567.39 -3786.22
-2597.74 3319.6
1375.66 1022.88
584.479 -2528.95
-102.291 1376
-4802.74 4123.25
4491.06 600.982
-833.166 291.738
2172.41 2217.44
-1402.19 1909.56
-343.27 3443.32
1277.25 3029.68
1136.49 2340.72
2248.87 620.552
189.651 -1257.08
-615.854 322.428
2241.2 501.925
3701.46 101.059
1307.74 993.18
288.068 1318.65
2129.32 1119.15
-1788.03 254.15
-456.209 1435.12
141.213 2775.88
4331.92 506.613
152.514 2316.61
5903.63 -1038.08
-509.64 316.958
-2673.82 2081.83
1131.39 -183.243
4260.65 1003.05
855.907 -540.26
4807.29 1028.09
-97.166 1257.2
-2219.94 246.955
467.47 1481.37
-1966.16 1197.39
-253.564 2079.86
-685.724 734.746
-1383.76 -332.773
-357.022 1398.62
1737.68 3401.54
3063.48 2767.12
-718.281 3102.28
-110.932 -2437.72
200.837 -699.804
-3046.2 1626.44
-352.993 5137.69
-788.771 1305.22
-144.265 0.958155
570.496 1316.8
1044.07 -1040.64
2657.4 -827.84
1459.21 442.611
-382.633 -50.93
1173.27 -1286.09
1204.96 -1127.92
-4298.59 3398.46
2203.84 208.892
800.886 -219.161
1419.64 4851.47
-2183.61 1044.74
633.478 -1681.1
1256.49 524.886
-1174.57 121.61
2119.6 1156.39
1684.34 3173.99
1844.39 3822.71
1835.38 4495.64
347.652 -1088.04
3802.16 1219.98
2588.67 -829.483
643.467 -104.919
845.051 880.174
3723.62 215.445
1768.14 1157.24
1189.86 400.77
5722.85 268.401
-195.174 2034.64
2715.6 1401.8
-281.883 -164.125
1333.66 900.8
-842.879 1330.02
926.888 1107.64
1498.62 1622.77
2576.49 -447.349
1335.47 -427.259
119.806 -850.9
5284.28 1422.97
610.091 -517.958
205.355 10.2995
1460.29 1979.95
3660.65 844.312
9.46687 2999.76
1190.03 4792.64
1823.82 2472.13
993.673 4088.86
-1123.16 3471.16
2326.28 -1292.16
1049.17 3287.71
-1048.72 443.935
-53.1674 -789.218
546.415 1205.42
-643.439 2390.37
1510.63 2738.53
1319.03 46.5639
370.852 -1032.55
-172.615 -1147.75
3083.12 712.934
2502.35 627.335
-2262.8 1339.23
-3338.98 1881.75
528.903 2200.13
2265.11 1670.13
514.425 1141.56
524.748 67.3335
-482.607 -2204.11
565.099 -951.659
3814.35 336.027
283.165 450.47
99.2739 272.977
94.4559 399.335
2361.31 1783.85
1169.81 1671.16
-70.2977 2149.32
-2861.37 1224.31
-2125.94 3575.67
128.247 170.454
-969.054 -186.94
647.419 1461.65
2930.17 3234.55
-361.078 3030.15
-574.223 241.029
-765.048 2048.61
713.625 -1201.17
325.516 3838.36
1232.12 199.69
2479.84 -71.9616
3483.51 -650.145
-3500.77 -1474.01
-1244.58 2319.48
2246.17 947.605
-3356.56 1944.82
-203.457 -1552.83
3685.95 -1481.9
2038.29 -1528.15
2348.7 15.8106
3375.19 405.001
-331.041 1388.14
3824.41 1118.89
-576.596 789.478
2268.6 1177.97
994.239 -1137.75
-132.849 -880.048
-2254.62 1422.32
67.8479 4092.71
-1119.69 2724.89
223.098 -1593.71
2165.43 -2126.95
29.3513 -2985.25
-64.5626 -2649.54
-369.844 1626.11
-138.968 427.234
-96.5599 -184.044
-919.583 -784.404
269.729 355.924
-1293.66 3690.55
2010.88 3046.27
1976.01 2963.39
-476.416 2104.18
2797.46 -782.236
4264.5 742.526
2476.98 469.448
3786.42 -275.975
2146.17 1621.45
1214.51 2368.15
2457.59 1166.74
1138.86 974.8
847.798 2709.65
1555.4 1079.99
5015 1970.62
2409.22 -252.401
3088.07 1896.27
-3676.02 2614.39
4820.33 414.36
1778.05 602.608
4656.44 873.678
2636.02 804.299
1608.99 -4985.48
3770.12 3454.78
-2963.35 2460.95
5329.99 2154.76
-613.674 -2067.19
1432.26 -562.652
4194.05 1675.41
-2573.17 -416.669
-1113.07 1920.06
2364.34 521.064
1205.99 3124.96
1197.59 -2373.44
671.8 798.98
-354.393 3971.56
1648.97 3295.06
-55.0292 2194.12
1483.09 1674.7
-1205.86 -870.466
-178.829 2594.81
951.939 3796
418.277 2349.98
-98.5762 4941.33
4745.07 434.657
1746.04 1999.45
2427.53 3104.11
2454.67 2169.28
36.7209 -1068.09
809.817 1011.29
1786.6 1547.22
2836.03 701.669
601.685 1168.81
3731.76 -305.096
-1329.24 2879.16
1867.06 1604.59
3040.38 -254.486
2403.42 55.0846
-634.355 3440.4
1808.23 219.333
-839.376 672.825
1679.8 -1785.56
3433.34 2000.71
315.448 1165.83
3434.61 3298.36
1374.62 1599.04
2366.04 -347.087
-316.644 381.229
1794.69 -990.588
4677.69 -776.494
2550.61 2015.02
3490.94 3261.47
2229.24 2118.81
-2360.1 927.11
2334.68 2327.3
1083.37 1758.29
1159.05 242.598
-1051.84 2076.38
-1459.06 4093.85
-776.827 -687.657
2498.77 -800.446
-1252.74 -477.613
2783.1 1421.88
1969.84 1164.69
247.843 -1285.23
3089.2 -2318.92
3485.71 -676.491
719.624 1857.33
3210.01 2600.46
2605.14 1606.73
534.339 -163.97
256.223 -1651.22
2664.37 1510.43
-341.58 4078.61
-1488.31 1872.69
2535.4 448.476
1514.35 1609.61
-29.2647 3215.46
1673.2 1057.5
3309.28 2117.52
134.187 3065.8
914.785 1337.36
3074.17 1907.22
1606.96 160.612
277.163 1832.88
-596.497 -983.042
-300.537 1023.9
422.434 2802.41
-410.016 1238.07
-1717.63 -699.544
6.15291 3098.06
2152.7 1614.35
1020.21 1142.16
-672.8 2186.01
1958.6 -1676.37
1073.24 3147.89
756.716 1786.39
3797.15 -297.443
-572.3 1522.95
-2153.96 2179.05
2542.84 364.185
4149.24 1154.2
1205.91 -205.023
-3918.91 -957.148
1972.44 744.91
1562.56 960.287
1687.24 -50.2984
2102.32 -2621.95
-1150.39 792.672
114.57 815.33
1475.34 1169.26
1519.5 1478.46
2401.79 -1394.4
4098.37 -1621.61
-94.2026 841.844
-1455.57 -1984.09
2786.55 1271.51
1260.95 -2352.43
452.328 4391.3
2789.12 -781.55
-350.157 1056.46
2170.53 686.843
216.875 4549.45
481.087 2953.43
-567.703 -3207.29
1133.37 -1831.93
-1327.06 106.187
2242.42 1608.85
2383.76 820.939
1260.97 1464.41
3403.25 -845.493
46.9539 -794.214
2603 820.699
560.234 3926.82
2932.06 1053.31
1858.01 820.582
3457.85 2871.93
-756.443 -2728.9
1847.25 1306.58
1793.11 1842.59
3364.19 2744.11
-1462.08 -1079.67
779.294 -1814.77
3909.81 -74.9514
3708.64 3220.11
2300.54 3803.37
896.994 3691.76
3534.1 5150.85
3810.69 -2190.63
-1903.73 1803.35
358.938 -1396.54
771.142 1891.81
4613.51 1427.06
5262.34 336.33
2253.89 1066.64
923.935 -1038.28
1769.62 3115.6
2565.54 1779.84
-2897.74 1021.51
1808.57 -2339.19
-1069.27 -1202.67
918.579 2964.4
1979.18 1068.36
2884.45 -3044.16
-105.351 2718.69
1105.1 4200.91
2700.48 2893.85
48.0996 -3275.88
4772.94 -1342.04
3507.29 2487.75
1441.67 1038.52
1327.41 1600.59
432.386 897.634
731.17 -1433.23
4824.01 179.508
-97.4571 -1011.03
-812.754 2258.14
1513.94 2440.94
284.108 3301.76
-1847.43 783.758
1386.45 581.133
1697.89 -1368.87
3038.83 1558.27
190.603 -279.991
4211.04 470.209
-790.837 2453.08
1141.67 4051.44
-3.01731 2431.33
654.898 1107.28
2715.2 -2489.66
-748.953 -342.065
-779.036 1287
-562.251 941.822
276.267 415.9
367.829 1049.51
-1461.94 2329.99
2163.02 -863.093
-1177.95 1067.73
2833.27 3661.47
1416.14 -2269.68
3717.62 2102.96
1561.19 -667.222
-330.363 1988.47
-2497.6 3475.19
1724.81 -534.284
982.225 1799.27
-1153.13 1450.57
-100.02 2392.5
1277.71 3628.18
1683.94 -1735.66
-1450.27 1331.39
1343.62 -188.472
-2325.32 3542.64
3104.16 1639.05
2320.53 -1034.49
6169.16 -149.647
1143.39 1131.09
1536.02 -1212.92
3835.7 2407.63
1859.76 5408.09
1473.84 1393.78
1170.68 -2241.4
-1344.18 -600.198
3677.23 1519.98
2614.29 2059.63
3136.62 2443.29
3334.48 556.95
1177.33 -579.801
1746.24 -1191.55
2602.11 1805.95
1576.89 2833.96
-436.723 -1327.54
-639.211 -579.438
4115.9 -1664.73
-436.363 -76.4651
-237.443 1954.72
5432.01 2093.07
6.22356 781.08
2784.61 1396.81
3426.81 1960.56
-1973.46 1064.69
947.297 -336.148
-2804.01 996.891
2795.56 507.421
3002.86 2827.14
787.949 3614.95
2966.79 2161.84
865.916 3250.71
-935.878 4162.25
479.727 -1520.13
2087.38 770.603
1595.04 4592.27
-347.073 2108.54
1578.37 949.602
218.09 -874.698
664.225 1273.3
451.636 38.5266
2678.87 -758.297
2165.22 510.293
2849.65 -2010.5
485.079 2997.44
202.885 -82.891
-2349.09 93.2987
-772.016 3460.03
-74.5061 -3321.52
2118.73 2347.56
690.62 2456.26
413.113 1932.67
2264.61 -806.695
464.272 2167.73
-377.626 920.672
4089.16 -1376.57
2458.49 5428.47
-68.4523 829.724
2664.16 -139.879
-911.678 -2591.66
-2876.89 -133.428
-145.42 4194.94
1171.62 213.218
1966.09 -1501.61
-607.92 2077.93
2119.59 5215.85
1710.09 918.097
3505.95 33.8106
3530.15 1105.78
1583.6 878.313
3203.93 913.023
503.72 771.132
1657.75 -1023.01
2568.29 2220.34
1241.56 1222.6
361.783 -689.739
2554.54 1610.25
3198.04 209.553
-2710.7 3230.51
1781.14 -1325.2
-184.032 -2556.5
2240.86 -258.373
176.285 -930.101
932.321 2267.64
663.132 270.378
-419.686 2575.52
-1135.73 585.384
957.931 3103.16
3254.81 -695.122
2300.43 2456.87
-1699.54 1538.07
1431.51 1806.97
2132.99 170.398
-185.227 2071.86
1528.82 3139.82
1902.71 400.872
-1117.42 3746.94
1401.66 3218.05
3373.93 3853.96
1851.32 1796.01
4446.1 -35.951
3577.99 1940.7
3154.65 -360.652
4520.34 -3384.14
1599.37 -1373.41
-2159.51 -1372.23
1695.5 3335.52
-2452.76 -1161.87
-324.185 1626
2107.87 -412.325
-1366.82 3082.51
1226.75 2009.59
288.846 2107.73
1861.27 1584.3
3514.19 119.258
1810.64 -2932.59
3542.48 2475.5
3576.95 1123.48
4891.61 1852.29
1983.01 2404.12
465.885 601.729
4144.49 1590.18
2265.11 3063.05
2552.07 672.843
527.076 1964.76
1141.4 3321.01
599.692 3236.25
-1143.75 854.32
722.264 1460.47
-1071.62 3702.84
2586.77 2006.23
2149.25 633.844
46.7503 2365.25
2432.54 -1234.58
-261.818 563.606
990.475 1639.8
3180.01 953.686
784.854 1026.07
179.464 3100.65
-765.889 1325.98
2588.77 -147.501
1526.36 2991.07
1392.79 -3.54901
1914.15 -2463.09
3232.92 495.932
2593.67 1925.32
1133.53 2213.89
53.669 848.21
2613.02 4104.22
3095.67 2708.57
496.299 2187.41
2452.89 -1027.08
2526.49 -2345.24
-1456.46 365.418
1592.02 -2537.53
3107.16 1214.89
7.87591 1968.75
810.456 1836.83
3170.76 1262.85
323.094 2396.24
925.673 -361.327
2606.41 5498.66
-790.875 2136.41
-810.444 949.465
1006.18 1126.92
95.6557 350.391
1993.31 -828.308
-924.154 2545.35
929.064 -1865.1
1768.27 -1771.87
1582.38 1976.24
1785.96 1183.31
638.951 -555.845
3712.78 2349.4
1659.43 1695.93
932.009 -398.386
1025.29 1524.41
550.476 685.057
3887.53 3750.97
-408.918 1778.48
1442.39 2650.8
183.833 2835.99
3932.56 692.887
5187.02 1629.13
1773.13 579.451
3400.76 2475.13
3094.06 2183.8
1816.96 972.811
3330.56 949.637
307.96 3209.99
1448.11 -2465.42
1725.61 888.068
1232.21 3201.25
2210.68 -1093.38
740.811 2563.8
1983.99 1712.42
1352.71 -2953.54
644.84 1744.41
-83.0777 1177.1
1940.77 1585.65
-1248.05 1756.59
666.157 2649.85
-558.538 -3254.32
-1323.24 4166.14
3882.57 2768.58
2169.06 3247.01
2515.67 -460.004
369.094 2244.71
-3245.99 3875.32
2912.75 1575.12
1094.62 2711.67
-2630.31 2163.45
2687.74 3271.69
2694.13 75.8855
3378.9 2245.86
594.169 827.032
-1680.68 -207.262
-2093.77 -1638.81
3055.78 -144.64
96.2445 1685.58
2287.47 2286.99
-2736.45 -826.24
3554.06 2751.62
5819.41 5724.19
1504.91 214.198
1231.97 681.929
2390.61 -878.502
668.032 1236.88
1052.27 2218.64
-715.007 2460.92
2529.72 281.578
2224.11 78.4113
2532.15 399.469
2577.37 743.044
144.033 3214.42
1478.7 1875.24
-644.509 287.718
1310.78 -1503.33
3264.96 1682.93
1491.11 -1605.39
81.4516 -506.819
2040.25 -1592.14
4171.42 -205.645
-569.111 1040.85
2209.21 569.483
-47.2206 -502.803
4553.32 1188.6
-411.276 308.502
-2034.27 3959.41
2329.31 1472.79
1575.97 361.304
-638.642 2309.92
-1716.53 2257.05
478.082 2646
-608.702 -133.351
-2699.37 1993.72
1177.89 1104.14
2102.32 3146.1
1732.23 2183.14
-560.318 2337.37
495.084 2580.93
115.291 -615.349
3327.08 2536.78
2919.86 1759.75
-2206.78 4323.29
255.521 3659.13
694.313 1383.11
854.117 922.002
-349.808 -1836.85
1906.18 292.877
1250.38 1446.7
554.051 2793.62
1867.29 1282.05
187.643 4606.52
728.986 -593.281
883.396 1461.06
-53.3155 2325.47
-1104.05 2664.5
1102.53 -1566.7
-1931.51 1654.71
1040.67 -674.61
3042.8 -16.6962
2955.2 1897.44
2966.98 1162.59
1405.27 -522.119
1692.6 1861.16
-918.564 2326.89
558.645 1912.63
1543.93 4466.84
2539.58 -3033.92
2551.06 4725.19
739.278 4556.81
-964.695 -172.999
565.604 -1265.63
3009.17 -201.156
3531.02 2851.88
425.6 -646.487
-408.511 -1118.77
-1340.47 1954.59
219.504 2965.08
1353.85 1309.06
3504.98 -364.56
79.8282 -1349.41
-968.998 889.094
-1100 1590.89
1374.5 -183.88
3735.18 -517.43
-231.353 -1817.12
855.922 656.836
2769.63 512.47
680.571 2277.28
3293.04 1584.1
807.353 871.3
3670.57 -564.635
1702.71 -852.668
-1366.87 164.12
-2670.29 1102.19
1926.79 2544.77
1786.98 2769.31
1036.69 2216.87
713.319 2120.37
946.977 893.884
4849.46 702.701
976.436 4040.13
-3011.48 -2000.58
4925.99 -158.421
5039.52 -1043.03
1403.74 3678.13
-744.12 1167.46
-243.608 1646.14
2263.22 -1516.78
1032.61 1827.57
2493.18 3870.02
2249.51 5421.32
2124.28 250.574
-276.688 3940.83
-199.2 1322.18
-210.27 1880.37
-1319.81 512.714
740.829 -2968.95
4358.15 1440.16
516.452 1873.2
1522.77 1383.32
90.2488 -311.379
2332.49 1690.4
4033.19 2574
2840.72 1122.17
1903.55 -1527.14
3137.83 -1217.08
2453.1 -3070.82
3736.78 1620.43
2561.17 -899.29
602.45 3718
3234.67 583.124
1498.14 4871.19
2542.12 -691.222
1082.38 21.7796
2121.04 841.037
-1041.64 688.82
2025.98 2210.03
480.036 69.6288
-631.814 113.214
-100.955 1839.39
469.993 -406.069
2365.36 -506.469
-464.142 2137.33
39.6716 896.581
4694.65 1297.71
-364.199 2014.44
-154.359 1335.39
3874.41 -2240.16
1357.74 277.171
-215.806 -847.444
3210.64 1393.1
1395.89 666.154
5374.71 6492.4
-422.905 -699.783
4139.4 -1035.05
-985.159 229.39
-204.817 1724.33
2049.79 3829.78
-2983.17 1811.14
395.218 1999.58
3504.66 -651.157
3025.89 4725.09
636.125 4120.8
2608.05 764.802
39.7165 -1369.24
2975.92 42.7389
3000.49 2274.5
903.55 1070.97
1840.54 585.147
-2062.31 1781
1566.25 -1503.21
-99.6396 35.8374
573.565 1633.55
3440.02 1456.77
2183.68 2772.36
-3579.4 883.441
-2617.55 653.244
-593.258 2562.4
1564.87 2231.58
-2858.99 -371.728
1642.11 4820.49
255.817 3133.51
1308.06 3245.42
963.703 373.13
1909.56 2776.19
3056.05 107.586
-684.373 -586.828
2752.53 1338.73
-701.789 627.148
3358.29 1887.32
35.6108 3162.96
789.415 -1312.64
2928.16 2318.65
2972.83 453.059
2350.21 -1310.87
2669.01 197.235
1068.55 902.631
1532.56 337.911
2746.99 2288.08
-1209.82 132.109
2518.5 356.478
1778.3 -809.38
1304.01 1652.1
2446.2 107.565
2004.9 1648.86
656.668 1937.9
2828.61 3446.04
17.3086 -30.0015
-539.858 914.513
4710.15 2067.05
-133.677 3130.82
-842.906 6142.56
2723.43 176.896
1244.66 2173.42
3206.21 -1100.3
-2052.43 1537.73
1397.46 -713.139
-1098.19 1801.52
3538.68 -2412.46
901.759 2234.51
4568.35 1436.85
1725.83 -922.336
1204.9 1766.48
3055.5 -1848.41
1381.02 2972.4
2572.8 216.193
-256.326 696.303
2344.48 1259.28
3438.13 1372.64
1697.77 3801.37
-662.153 1965.62
1698.38 1898.62
2620.95 1746.24
799.953 1558.41
2279.24 1059.13
-137.047 1298.4
1045.9 -290.633
178.223 3585.05
223.655 -922.365
-1819.2 4055.98
697.552 -1340.32
1602.53 648.067
660.799 1558.04
-2237.32 7230.2
-684.169 1940.34
2405.14 1161.32
5237.96 2722.37
1909.07 1380.65
3577.24 -192.863
598.579 -538.031
-626.683 1612.02
3437.62 283.191
4323.18 257.166
2028.79 1527.2
369.994 3553.37
759.948 445.308
2058.22 3178.66
553.224 2152.85
882.81 331.037
1261.06 745.754
761.581 426.313
2340.35 -1554.02
2608.36 1052.22
-1243.17 62.3199
192.482 955.668
-1964.2 -476.386
41.8074 413.953
-1410.38 1220.25
-931.606 -589.465
-1496.36 -1250.67
2187.42 -366.1
1165.91 958.043
-1006.56 2053.71
3080.84 -2214.88
3194.47 2210.29
2515.27 2040.15
1854.37 4555.87
543.097 3006.98
2952.75 3115.23
2139.13 1668.33
2116.56 2605.23
1066.43 5826.06
-539.326 580.637
533.402 -369.022
1582.13 364.961
1218.39 3488.5
-1242.62 -70.2701
-891.456 2123.39
4186.61 2499.49
4176.22 2350.37
3993.1 574.881
909.207 2130.66
2642.39 1688.92
1937.8 4421.85
1738.67 321.636
-45.1346 -129.711
4436.95 1973.95
-557.917 1276.94
768.764 409.699
-1257.11 888.087
4098.93 -2692.35
371.666 1671.51
575.275 1834.57
36.1463 -651.616
-2235.07 672.447
-532.245 -225.924
1693.91 3176.81
1665.29 -1552.31
4551.9 1783.09
4145.99 858.77
2081.71 -2697.15
-912.125 2358.4
-531.159 4919.78
2918.31 2255.24
709.67 929.96
-247.022 133.321
728.494 3429.89
-2138.98 -264.493
-1439.84 2378.99
2074.32 -3489.15
1638.13 1031.99
1706.31 -1226.49
2864.09 -677.627
2313.8 1706.74
4039.93 627.884
-425.795 -283.733
1918.9 2987.38
-791.723 2694.65
1607.64 162.53
-4293.21 1764.18
2648.02 2489.91
447.871 1116.09
-814.228 86.3484
2476.02 1890.96
-413.057 1948.04
3948.14 1546.75
1739.06 1053.37
-648.945 3723.62
1261.09 512.194
194.483 -1571.4
246.178 58.0832
4148.28 1232.01
3965.76 1776.49
-453.139 443.792
-1987.13 3003.98
481.859 -4101.44
-800.118 1977.44
341.469 3451.13
4245.41 2882.52
1914.49 -682.622
338.482 2001.93
1025.36 821.904
1240.07 3740
428.155 207.994
2622.99 1055.4
2274.42 616.986
-885.537 3290.97
79.9533 -1940.59
2827.58 1049.31
1193.59 1020.51
1181.99 1473.32
-1768.69 3761.44
-1706.51 -74.1352
1910.01 1762.29
1253.81 794.992
687.837 1510.37
-1068.35 707.333
1452.95 914.767
-632.357 2084.49
4624.13 2687.4
3619.18 735.304
-309.943 1952.4
2027.11 2926.01
3388.58 2024.48
145.253 3380.2
1527.48 2981.97
-20.2986 1274.96
3938.46 -1246.42
-2341.18 43.1415
4117.14 63.6736
3161.53 -263.748
945.415 2439.84
2914.58 -999.881
244.021 -1225.36
1017.88 1910.58
3179.09 1002.32
959.814 3998.63
-320.045 1535.74
411.154 2372.06
-451.818 472.333
219.716 -814.561
1962.88 332.291
-3552.9 3650.17
4172.25 3.04652
-756.513 1918.87
-1178.76 4441.59
3472.1 2770.78
2393.38 2849.49
-1240.47 -534.849
-1769.09 2074.78
676.905 1416.09
2521.29 1601.16
1489.58 -781.574
-154.189 -2196.95
3183.09 2591.15
-15.3812 -324.092
-575.805 798.973
-66.0165 2804.09
-3343.65 1753.19
-231.659 -151.422
-226.944 1389.74
1259.62 923.646
3702.21 -2804.65
1122.61 3165.94
3440.71 4915.84
1072.13 1231.98
4401.42 1419.24
3676.83 -38.7188
4370.88 -1518.31
569.669 -1386.47
1270.42 742.347
-1743.66 833.145
3380.69 1047.5
411.161 3676.71
548.503 1611.6
-909.815 2653.67
-169.33 6987.99
3252.9 518
1413.91 11.3991
398.593 1384.39
2478.47 -350.986
2200.85 5462.3
2675.04 1508.91
640.653 1142.47
2498.61 429.893
-464.416 -2175.87
-3914.17 -1901.5
1524.19 430.743
924.809 1489.39
1655.03 2843.98
1069.22 253.15
1982.62 3390.53
1539.97 853.332
-964.321 1502.7
4230.45 -4007.43
2324.12 524.345
1262.96 3012.21
-495.688 2422.37
954.244 -1.39806
90.2111 -568.785
1407.11 5440.47
3323.62 1905.35
1146.78 1840.99
2684.81 -2172.61
185.113 133.841
745.881 3208.69
-576.342 -815.045
974.028 1767.88
-804.363 -122.668
-958.336 -460.627
835.8 -421.169
-131.558 193.08
4562.46 3474.48
-3240.62 447.49
1486.92 3176.79
598.267 -2989.49
204.332 877.507
16.5836 -120.504
575.748 -500.962
4711.53 132.519
1588.23 1706.23
-194.705 -35.1464
-1703.68 341.006
-578.048 3439.48
-402.585 80.5596
3124.68 -3334.79
435.149 786.838
3761.91 624.924
-2257.69 4245.95
913.602 4384.14
-308.403 3622.98
4066.82 1183.43
-16.668 5979.34
3075.68 -607.003
-464.705 -186.384
1168.41 2384.86
3845.33 1031.06
3984.18 1064.17
1517.42 1985.51
1064.82 1572.31
2086.36 982.447
-1428.91 2031.2
5478.76 143.836
-3480.34 -311.238
-223.928 926.844
984.11 816.775
751.199 -600.856
3002.48 -1948.34
499.256 -609.515
-32.8976 2636.07
-3416.07 -784.508
741.917 -57.3507
1509.93 1762.09
1147.8 -2415.75
1156.76 389.164
1730.4 -762.401
3709.2 322.269
4005.73 2089.65
1558.11 1266.53
1874.14 80.8308
3741.54 3170.22
95.4056 316.095
-1386.18 2078.9
1582.27 905.501
1242.66 1244.41
-129.897 235.394
1801.41 2591.69
492.196 1164.56
431.817 6.61824
2238.09 1378.73
-1586.5 743.036
-1073.19 -2695.6
3818.94 1966.6
-2714.78 4501.35
1338.31 819.589
3825.88 1924.75
-1402.22 1596.18
-1898.32 -837.077
-1011.36 -21.915
3542.07 2007.05
1304.22 2388.52
3883.93 67.7242
-130.449 3677.59
456.251 2192.5
1387.53 2285.04
1508.41 3447.49
230.343 -1714.35
589.711 -127.717
1172.49 635.352
-2176.65 3281.33
1722.88 -684.785
