211.304 71.5469
136.431 42.6078
-63.9177 311.27
240.577 -251.2
-168.965 -103.211
-165.377 203.401
185.9 164.645
-147.162 46.2898
7.51977 -137.915
-110.231 88.6255
115.521 200.909
277.58 398.312
-162.655 172.887
-130.859 162.058
377.34 203.354
-69.693 252.57
133.623 -107.828
-217.302 -257.003
190.257 123.704
52.1666 148.37
176.104 128.319
-63.1332 49.4972
38.4138 11.2956
-72.3262 54.2168
148.282 506.218
76.9976 230.364
345.389 -1.64374
61.8741 -101.381
145.855 33.6502
8.56385 -140.376
410.192 306.291
341.552 318.668
-227.547 138.235
133.399 135.875
386.122 137.625
121.977 203.966
609.627 9.31325
217.244 -99.7876
177.181 -131.554
160.281 200.082
-146.836 343.169
182.775 -92.5174
250.359 -128.84
460.66 -241.646
268.126 -253.481
169.866 156.125
356.273 311.107
189.432 -46.4147
109.745 18.9374
98.8899 120.169
169.963 639.382
340.369 508.766
66.3321 101.287
71.0334 69.2573
-10.4086 73.8037
90.2881 68.3168
147.665 229.872
38.3568 -61.6495
-30.9432 -23.7564
27.0703 56.9615
368.898 47.1171
94.5513 10.3112
-219.473 165.535
51.3184 -111.683
-2.72533 103.184
162.88 -117.91
-36.6095 323.775
-85.9586 -91.1186
164.129 420.142
-145.151 243.477
472.495 -104.543
240.703 72.9061
-36.8296 -111.092
45.3649 -64.9048
374.354 236.356
60.3003 63.4736
536.313 -85.4375
261.014 120.99
-110.643 292.204
233.027 -83.7178
225.885 49.8842
-106.661 -30.1627
22.2316 71.1595
-143.027 373.911
-293.154 139.207
390.141 390.716
-50.9533 84.7232
-66.5055 209.201
467.082 -229.149
124.492 123.032
-174.697 144.302
287.276 358.594
-51.468 -15.7206
-75.5257 -43.0263
156.91 295.495
231.595 -7.26863
-70.2654 80.7975
-149.019 -179.24
110.147 171.246
273.133 296.342
-266.631 -22.8878
-22.8039 187.856
215.509 364.31
-168.943 -107.148
68.6682 -171.736
-89.0185 375.521
-118.538 56.1576
479.637 -97.6757
-87.7884 -45.3428
129.45 250.154
585.179 124.964
-249.108 329.217
72.0337 258.808
390.624 101.452
238.935 300.316
505.616 78.173
-145.205 186.4
-39.2692 62.5937
-18.333 -279.792
-16.8582 49.8883
-389.748 92.825
-102.654 -33.1607
247.425 203.131
-34.0328 -0.588293
25.2025 247.274
23.1488 300.988
508.759 8.76325
385.552 346.44
-9.88689 486.207
110.747 313.798
301.213 168.162
228.732 269.316
225.801 -91.7066
106.284 -20.8304
199.021 247.007
30.3448 -132.23
150.068 64.0167
154.525 353.617
377.995 130.254
-53.6837 84.9656
426.93 201.005
-138.594 373.96
392.035 -484.299
153.427 25.8604
-208.291 26.5674
-17.9272 85.0796
-111.749 509.393
12.1928 242.241
70.5475 80.6231
17.9482 414.988
295.941 10.4057
284.31 -60.926
-0.743836 177.125
150.789 -30.3489
263.253 491.217
-3.37628 183.371
179.292 461.05
138.086 -140.4
-68.3499 382.189
344.114 96.9049
322.222 169.353
266.042 234.127
137.791 28.1183
-184.673 104.707
-160.486 45.7207
292.093 176.726
-54.24 347.351
225.399 81.8093
339.631 176.745
288.779 25.6521
226.296 -54.1136
311.881 473.832
33.9922 108.415
195.895 1.43204
181.795 285.57
223.062 -113.921
403.675 193.943
37.2315 114.362
-41.9047 -192.903
38.4343 499.23
58.4245 342.124
91.5903 338.311
312.628 311.968
27.9806 309.857
-127.043 -129.195
59.7344 12.5051
-68.87 -114.285
32.3248 -60.5836
-73.7846 -23.547
-30.272 126.094
11.4828 282.052
44.7514 173.711
73.3266 -65.4527
232.657 89.851
209.932 34.3897
-144.696 -23.1644
201.894 386.419
276.105 77.7786
-119.823 -205.863
421.016 -263.638
67.8648 -163.371
-35.0235 209.903
127.007 127.928
25.2453 248.262
22.9832 -191.678
233.967 -24.7707
-406.475 -90.1059
-256.792 84.3193
85.8134 19.8736
-103.075 -102.783
3.79551 56.484
328.161 11.8269
39.7357 149.309
204.941 234.3
33.5876 85.6594
236.341 533.069
-83.5917 115.412
16.6321 182.033
168.613 -144.929
-135.55 440.06
420.039 77.2404
355.357 -276.216
187.148 69.5927
168.948 83.2436
139.939 29.1167
89.3112 -37.4913
65.1704 264.679
84.6306 425.059
-51.1235 -58.8626
126.153 -205.969
-8.0095 91.942
-37.1852 252.849
147.903 273.826
-272.227 306.858
352.915 99.6484
-317.672 138.721
160.347 191.52
229.434 106.673
235.709 290.594
52.772 22.9999
337.415 158.105
54.1776 53.7675
35.7975 -8.01782
141.229 40.0612
257.534 294.967
168.493 595.013
66.5271 -31.5753
44.6468 16.4382
-35.0719 321.27
249.447 156.314
-143.24 34.8671
317.673 10.6989
199.686 73.2777
250.123 137.091
-190.557 -33.0967
169.368 417.983
118.031 -139.344
220.779 -89.3539
254.08 4.82962
-225.476 -6.9597
51.8077 339.286
-4.98961 -73.5959
-249.475 -132.719
-25.4716 -147.815
8.58798 382.327
88.6587 -63.9487
223.06 197.815
148.352 152.565
-132.135 154.094
240.286 235.475
352.438 93.6036
466.574 -134.818
265.873 295.865
-14.1529 208.416
70.1545 -9.20174
20.4125 -139.138
117.583 -19.0368
-21.6539 -36.5815
54.8847 -100.409
-141.005 109.906
57.283 205.72
153.204 361.862
148.91 -135.944
-88.8667 13.408
-122.842 -52.743
-148.574 -385.221
-147.055 44.908
12.1797 332.103
128.585 382.211
83.1642 149.667
-69.3834 310.624
-133.183 161.015
228.895 238.703
208.648 36.3012
358.902 282.604
115.007 257.505
129.598 150.638
359.82 -35.474
281.214 146.524
223.419 -6.08958
110.997 99.0245
396.027 256.589
279.818 -45.7004
111.764 266.918
245.784 354.82
521.492 417.047
201.219 -13.5741
133.626 98.1519
-86.5683 -106.022
22.9829 64.3725
-200.041 262.234
110.133 352.611
90.8821 1.50392
-104.578 117.416
-209.689 406.884
-65.3625 146.514
14.1971 97.4821
119.222 66.9981
350.334 150.185
-95.7667 -5.92034
290.422 283.262
-200.909 -77.1359
8.67154 3.35352
244.506 142.682
-289.116 84.1835
263.246 193.75
30.4087 -144.517
-114.484 309.005
211.049 237.781
3.34601 -78.3293
247.897 335.658
-64.7583 194.557
124.222 111.528
389.733 157.857
424.141 37.9247
439.988 110
235.842 18.984
322.991 87.6269
-127.207 -21.462
-259.644 49.2515
-199.628 114.361
248.951 273.301
224.309 -215.166
37.4001 -119.69
-79.1337 -201.284
275.703 194.005
243.73 24.5556
203.597 -26.6321
-14.9099 149.229
-43.5007 126.279
206.228 223.833
276.176 141.899
-59.5809 230.121
175.052 163.402
-60.6215 -109.753
224.245 -52.4514
81.5996 213.816
214.834 217.636
98.4058 344.186
313.762 152.454
-490.043 250.053
73.8873 579.55
189.832 69.9088
-145.325 376.655
-51.369 -339.074
49.4346 93.3479
-161.188 43.7546
106.933 11.0175
482.82 48.6783
15.8813 223.199
-103.719 224.209
3.75561 -150.542
187.315 203.413
199.374 -121.344
283.929 265.618
-83.1632 -4.79017
17.2767 -4.41867
14.9381 36.8549
67.5208 211.709
260.678 -190.487
349.862 130.253
44.5068 -43.7229
72.8924 282.547
275.408 317.37
-310.821 -122.273
-192.477 -203.41
76.5977 209.292
-329.814 208.757
-133.169 164.503
-326.586 493.608
263.183 191.443
463.775 222.308
-1.00905 230.877
217.68 169.705
290.87 71.0706
127.709 209.087
148.982 -78.419
424.175 -205.508
-48.1518 -18.4185
463.138 -95.3858
287.138 16.3937
159.178 290.284
-12.4271 -38.8713
167.67 -129.604
-40.554 339.851
-278.838 34.6604
0.11269 -281.593
143.738 103.313
391.686 -31.1042
-119.563 200.237
133.647 -166.569
-48.8641 114.682
103.077 25.3524
-238.15 276.673
199.502 208.09
41.131 -96.4611
-4.33246 -275.931
-376.652 -62.5737
-63.9715 100.643
557.697 112.872
-194.806 85.368
-134.113 182.552
-158.052 -153.391
341.976 22.4105
156.309 -102.607
117.995 -171.384
158.1 102.706
136.786 236.119
236.827 157.454
-7.59219 -170.709
259.484 100.507
45.7227 323.916
297.075 55.3826
-64.5984 245.458
226.053 128.94
307.777 -8.91724
118.388 402.236
-30.8753 -35.9973
227.701 64.4865
118.13 42.9187
39.4533 -30.7213
78.3821 -31.0451
-233.997 158.403
77.6283 97.8431
-24.8099 353.114
405.057 39.7336
-159.81 76.5867
283.786 54.5326
313.04 -77.8061
365.414 32.4598
227.043 -31.6086
-17.351 31.5959
-240.998 535.551
223.03 255.743
-29.4091 284.503
-162.888 224.941
63.9731 42.4446
181.096 -35.8649
38.4616 266.703
275.401 495.517
223.773 121.456
21.4491 101.893
270.327 100.573
181.047 64.2564
333.219 195.442
80.143 130.831
86.8437 518.841
233.11 -118.786
-0.557833 -269.613
22.2316 -54.4508
53.4681 -120.938
395.571 316.632
118.316 -81.0328
73.1398 128.334
121.021 27.9409
-27.6655 25.9777
203.819 264.662
201.851 -24.2326
364.764 162.808
349.303 31.358
213.46 431.373
-135.032 135.365
16.3334 -342.793
361.042 112.336
112.758 131.478
231.018 -140.316
129.219 286.765
337.034 318.342
176.65 -40.5817
544.479 27.4271
17.1106 33.1329
99.1031 479.898
71.5345 254.313
152.44 196.132
124.179 -186.784
191.573 278.092
208.792 -277.08
-24.3734 201.507
-113.06 86.9982
-72.5437 163.129
110.775 169.633
-28.4564 359.589
11.9125 -16.4778
-57.9743 41.9056
-17.2822 -33.4188
95.0782 157.846
-259.252 242.518
304.477 160.199
47.0265 235.078
250.073 -26.7316
120.014 162.371
7.99996 -20.2336
413.31 168.329
241.767 127.93
104.558 361.611
239.689 -5.80323
118.427 -67.8786
401.793 -43.8543
-113.391 331.552
-146.714 238.498
21.5793 381.622
-157.734 100.343
-89.6986 -77.3148
-140.789 292.791
220.353 -146.84
122.468 -285.491
368.202 135.407
77.4823 72.896
323.602 126.603
361.355 443.357
-117.045 58.407
13.2943 480.282
87.5943 485.032
167.838 116.623
209.225 -267.393
201.939 45.5806
56.7985 56.2364
17.8071 181.766
141.495 363.624
306.628 307.126
161.304 -137.993
-88.2155 57.708
-14.1334 19.0735
-25.7764 332.806
-16.3295 171.63
-79.222 376.111
81.6163 103.914
177.88 116.998
147.256 284.47
-72.9578 103.142
-83.6183 67.8855
220.289 -164.725
263.806 -169.291
-255.542 428.039
203.108 103.415
27.6707 121.367
47.578 243.962
600.197 47.7273
-119.061 331.426
129.75 208.335
-42.296 282.041
-110.642 -179.938
191.512 58.0671
228.572 228.079
82.3277 -223.814
61.758 168.732
199.55 -273.883
271.31 -218.907
337.414 109.978
-57.9041 36.1107
-138.911 -59.0537
179.141 -10.3913
146.666 95.9476
-206.447 -327.671
51.9911 144.047
376.565 389.449
56.9116 398.667
-41.3712 353.102
83.8481 13.3097
-35.7576 165.015
78.2293 -119.182
112.076 13.7877
235.705 -14.4429
64.525 37.8912
177.578 87.1033
-60.6675 -224.38
435.871 321.415
25.0923 -158.738
115.003 -147.28
366.516 152.988
-170.311 8.98111
118.417 -20.5625
387.701 25.1837
113.72 387.861
154.514 -1.10446
145.333 133.103
55.2914 282.317
138.637 -284.193
271.187 191.011
-56.352 49.5619
415.713 -224.46
134.988 -17.0496
129.573 248.624
133.263 329.756
81.3722 -2.35477
222.307 343.897
67.1902 181.733
349.889 333.937
141.358 149.081
14.3574 -139.292
14.6058 -8.26702
-76.41 14.1996
443.36 196.173
-145.164 -25.8354
179.767 49.9627
78.9848 174.099
-133.402 199.472
32.645 -27.7092
242.673 198.351
91.7381 338.742
126.279 138.476
79.1043 -20.6118
-14.6634 -431.942
-262.465 -63.5999
205.267 104.278
316.346 140.852
-240.722 339.543
-376.532 92.1754
-162.458 92.8892
239.836 134.6
-131 27.8588
270.967 94.0376
290.609 -86.9718
161.224 308.949
-15.6846 181.275
385.333 266.616
79.3266 133.886
0.558037 129.335
225.342 157.076
61.1227 -117.391
152.233 77.1683
423.016 30.5534
29.2161 64.7929
-312.529 123.966
144.172 -197.252
53.9592 424.887
-66.053 -14.6322
-95.3571 17.7121
-59.1187 259.18
206.887 359.743
66.9137 124.941
8.16194 188.306
128.387 16.3862
-35.5681 224.72
-48.3603 105.059
185.005 48.2434
46.9532 -36.5343
-134.006 111.938
90.3653 249.041
258.297 -9.57323
-11.2382 147.863
126.352 109.021
-23.2767 -322.64
68.4687 -75.8112
317.386 25.7788
119.386 -249.868
178.846 78.068
-10.6946 80.117
260.401 195.71
106.699 186.674
-60.6148 135.878
286.178 233.59
162.607 288.54
180.897 -77.5706
202.426 116.775
174.131 3.84934
49.4398 249.435
316.825 -188.49
0.782767 162.109
-90.9577 117.885
71.3273 358.49
103.573 57.0247
281.271 421.137
103.46 395.105
218.34 173.335
248.917 365.94
105.624 -0.795615
-397.726 215.975
82.6654 283.07
452.17 12.7307
135.655 -45.1439
-98.0145 -36.3403
-0.209356 47.4559
77.6644 -67.3636
-211.698 248.434
127.27 -26.175
232.909 138.398
-58.1462 153.793
-130.086 161.13
202.419 213.104
80.9279 545.996
166.83 -88.3848
203.533 -67.2822
-98.0705 124.157
324.239 175.719
-20.1995 187.925
127.136 79.5022
153.199 -19.2986
209.106 -48.1461
573.514 -96.5122
-81.8007 38.8111
220.267 -18.3414
-199.09 123.729
-250.768 -172.938
-67.0464 101.124
-362.247 75.7526
167.122 19.1657
154.11 -42.2807
30.4131 291.122
132.986 74.0072
334.144 -134.505
360.148 43.6002
169.418 134.382
527.753 211.481
33.6098 138.955
97.47 210.928
391.793 96.3588
-24.0711 -89.8293
50.3208 -165.966
349.751 70.3604
226.737 -112.386
110.732 113.874
413.332 166.399
-11.5526 377.104
356.628 142.499
164.938 215.08
-127.135 271.839
100.304 42.0483
12.3237 214.862
30.2884 80.3767
148.938 232.7
10.8918 15.8827
227.719 -140.421
315.673 395.388
62.782 228.364
140.645 -53.5459
149.299 44.0267
-36.6488 479.862
-79.0759 147.461
278.541 388.705
409.128 -79.6596
-61.3874 326.888
230.306 577.211
275.023 91.6419
18.6724 515.437
262.943 -143.675
346.173 82.5917
-38.1253 -192.065
-369.599 45.5748
169.733 188.337
161.858 -225.344
185.37 369.704
12.3223 166.397
323.756 164.791
-94.6116 -88.1381
163.781 369.087
399.379 -320.012
76.1361 -330.337
19.1058 -215.757
259.371 -142.319
164.031 151.058
187.792 418.847
24.2946 96.3646
-168.693 -132.482
331.073 39.6739
287.206 60.5471
230.752 69.3001
399.383 239.029
207.374 57.3086
309.49 -162.72
-96.7148 13.2409
-89.1688 210.392
-114.032 194.989
216.561 -183.679
82.0242 71.6999
102.51 -362.372
-15.7982 369.876
393.608 5.69468
62.3657 86.7753
132.99 -19.0064
-56.9893 6.46876
412.624 370.097
-21.3322 -62.2866
232.435 -8.69113
94.067 220.382
-256.169 321.709
-108.764 122.633
-115.831 157.393
-25.6294 113.913
84.8853 252.012
-36.0277 254.736
130.73 514.741
191.652 125.486
-53.9196 362.339
359.36 143.073
123.177 29.7906
3.01636 289.685
164.748 268.643
175.178 52.2218
248.946 183.976
350.05 244.037
86.0084 -67.7804
163.041 23.7388
147.79 269.542
-32.1473 311.216
264.142 109.069
35.3235 46.1327
-23.0893 55.8872
124.443 19.2498
129.357 118.858
55.0137 315.405
-19.1314 22.0911
150.954 -111.097
135.106 -63.3651
244.529 419.231
100.776 158.577
36.6168 112.633
-84.8914 108.97
416.764 -151.016
272.241 52.373
8.47446 89.0823
227.705 59.8583
178.426 118.732
53.7803 -59.7429
-109.01 131.946
26.2212 -225.148
-124.663 199.569
192.196 125.295
421.155 -47.471
12.4507 -149.343
374.074 141.532
134.768 -168.31
167.398 98.3933
37.1611 -36.4128
-183.646 301.91
6.80557 241.003
384.885 174.838
393.311 -147.146
462.95 120.339
-91.9393 180.067
-206.705 202.786
214.573 144.493
42.0525 46.0896
178.76 133.449
146.229 -347.15
487.846 -272.844
-9.74684 152.061
256.935 189.295
-109.09 14.9083
-121.776 322.291
84.0324 -392.765
-243.872 356.904
-72.7976 -93.6391
232.979 -140.731
79.9566 105.678
189.341 -110.193
212.517 7.89817
227.953 103.758
-5.45411 -31.7093
-17.5046 156.499
89.9485 121.451
54.8968 350.17
-10.8199 123.961
87.4762 -59.5165
545.09 361.107
234.104 329.606
248.556 196.18
20.1721 74.098
84.0109 336.789
5.85359 173.851
-8.28087 150.15
447.759 -105.399
-179.87 193.522
-5.98342 211.054
204.658 279.328
-112.788 346.543
-145.995 67.8809
117.706 24.3644
371.467 92.1405
-42.1614 151.197
189.567 309.464
301.104 238.48
190.47 157.117
85.8527 -167.484
173.466 91.2402
-21.502 315.302
19.432 215.642
27.554 111.253
300.167 -67.6679
-111.263 -81.5678
231.07 -121.306
101.932 -24.0104
189.334 -81.7984
149.962 202.182
-64.721 115.669
42.3577 -186.838
6.60959 -53.6482
251.484 89.2856
62.73 309.077
143.083 203.89
104.933 285.346
70.0084 -190.065
276.047 13.8679
336.972 -188.233
-197.955 150.067
187.411 225.75
39.5807 -54.2625
40.4287 267.24
-39.7028 165.96
-67.55 156.965
396.392 112.746
131.463 120.902
-71.5306 99.4119
-193.054 122.192
-44.6943 233.519
-69.5005 -16.6753
114.211 44.7085
187.871 146.504
24.5793 71.1496
281.398 106.623
-72.6962 -180.619
206.203 121.722
149.768 128.907
235.416 123.015
190.096 307.609
51.99 88.1941
306.247 225.382
220.291 221.797
495.441 -207.205
354.848 -30.7161
-175.2 244.951
190.943 173.567
120.928 235.363
145.555 267.69
58.9747 345.445
26.6382 11.7345
334.444 -108.441
-258.833 -22.6901
-72.5651 276.255
220.985 -88.1124
-44.517 260.33
9.58808 171.624
311.585 220.057
-210.347 143.232
-119.344 -31.7979
319.693 73.5584
-221.802 -159.599
160.317 112.876
198.71 -87.0906
395.053 318.124
-1.06534 110.555
-157.725 47.2747
257.45 137.699
-40.1939 223.41
129.98 143.549
326.701 165.113
263.543 184.953
315.605 68.521
66.2702 -48.6524
257.42 -71.3441
-267.031 149.004
-228.989 -84.859
470.388 523.119
155.924 78.7813
273.064 -347.976
134.693 -262.335
-192.357 256.319
111.94 -156.646
2.1125 330.838
227.092 -246.441
-48.0973 151.694
-280.667 108.1
32.3609 -2.17906
14.4451 -210.737
304.565 -23.1723
50.1355 32.009
-43.4359 -55.0957
-90.0971 55.0464
215.32 -245.21
431.388 -28.2633
152.335 33.0574
105.415 6.92358
-38.9251 14.9879
56.7051 72.9881
458.308 239.427
11.8131 -220.792
98.8436 104.169
249.29 429.206
19.236 40.8978
116.09 290.603
446.464 568.068
152.75 471.405
140.522 975.207
125.504 521.074
438.015 571.972
263.108 559.219
530.105 689.067
100.441 822.238
126.932 756.701
-36.4096 652.511
-34.4146 850.472
260.592 656.682
308.235 953.465
212.024 703.708
224.523 255.408
-87.9112 824.524
114.662 642.046
-12.6722 662.359
490.875 841.3
121.509 894.199
529.393 899.789
42.0206 433.157
266.755 615.105
149.131 890.232
498.392 688.091
137.993 604.69
188.91 922.343
254.842 430.34
-45.9473 804.462
77.0979 650.116
325.815 726.301
98.3078 531.009
271.656 714.965
127.374 771.398
145.245 710.185
485.686 688.915
81.8013 684.152
266.766 783.367
276.535 679.926
222.841 636.536
159.509 526.8
320.716 681.875
177.869 546.79
-11.1082 601.33
207.085 495.24
296.915 734.288
144.347 879.277
-141.23 398.537
448.056 143.995
100.932 842.705
116.201 438.414
249.996 706.303
178.536 677.074
300.571 553.332
272.054 766.266
145.781 986.907
503.272 868.78
272.712 671.141
384.155 743.331
123.975 1174.52
130.779 420.916
451.198 842.624
214.924 972.971
131.32 702.74
194.135 494.754
168.008 958.816
442.886 776.174
318.123 449.558
778.781 545.684
387.007 584.995
209.169 592.046
177.524 369.091
45.6717 957.342
303.605 481.657
35.6711 784.482
337.328 136.108
268.471 779.783
65.4174 729.213
364.841 495.217
138.529 641.036
234.657 683.283
10.6672 588.191
403.51 715.957
97.6173 826.575
196.715 894.115
238.826 819.522
335.177 308.045
120.1 823.525
112.538 635.988
142.458 798.185
223.186 769.704
92.6554 327.851
420.992 755.102
95.1795 772.817
277.732 680.598
415.842 828.316
412.68 722.724
92.0987 310.086
203.405 735.743
277.693 400.548
300.07 888.564
139.044 503.014
8.87133 448.837
102.844 528.348
-18.264 854.657
-124.122 792.756
-230.82 545.213
120.848 868.289
481.75 615.04
185.347 577.036
295.508 754.983
180.886 759.752
193.818 848.657
130.238 712.61
352.587 761.636
406.515 436.622
296.133 862.94
-303.853 881.98
213.346 481.777
278.91 421.309
441.183 766.533
144.61 732.166
-172.975 634.144
267.087 678.788
191.694 621.855
-18.0919 917.579
111.49 899.506
420.962 674.334
212.265 963.68
256.601 909.551
259.538 496.803
-21.7059 584.435
335.259 604.812
17.1797 619.467
339.45 593.029
87.3158 544.104
275.132 572.795
75.9609 709.811
18.6062 737.368
284.027 656.064
276.704 477.099
257.171 937.165
36.7494 566.853
394.603 556.634
630.401 914.051
248.084 625.842
287.758 927.558
354.048 497.326
5.95182 656.473
199.986 288.723
199.345 734.607
214.222 629.636
296.154 778.264
214.51 877.57
405.731 745.146
324.827 839.842
-218.46 557.157
218.588 805.816
-146.13 697.475
187.292 384.045
319.053 746.093
77.3163 968.083
174.179 780.422
261.442 844.164
309.232 1099.55
353.447 539.043
318.233 463.866
348.878 963.743
451.331 532.753
512.058 238.803
284.691 508.62
491.574 729.974
287.103 914.967
261.428 897.614
197.631 611.084
251.271 576.562
207.015 906.274
267.643 902.432
11.7916 294.211
297.185 679.288
8.49635 1049.69
76.9221 873.749
816.263 617.597
261.881 430.43
-88.8449 973.615
93.9076 590.599
145.69 752.917
155.278 749.282
35.3326 744.921
82.1703 705.897
292.833 646.512
221.498 546.116
252.751 410.587
515.126 563.974
206.751 370.549
117.646 512.438
260.071 668.076
26.1943 782.967
127.479 620.873
360.746 757.708
-37.6423 266.747
10.0403 675.304
255.371 435.542
353.839 945.202
385.133 945.766
292.402 785.008
286.376 607.77
125.341 590.743
178.299 370.956
376.461 764.404
76.3869 357.742
18.6396 983.057
295.436 454.437
340.116 831.089
421.947 824.52
80.2994 803.611
80.3344 645.017
-133.848 661.521
379.296 577.832
55.0164 688.723
370.288 644.023
234.764 647.299
-205.064 930.154
154.987 466.04
284.218 819.639
8.46595 455.955
232.678 719.944
-80.6978 601.749
148.36 953.13
728.906 779.073
-34.8084 812.511
248.874 663.294
83.841 919.355
212.161 521.891
179.626 513.557
266.157 974.089
162.751 812.764
167.262 764.043
589.437 554.831
-32.413 735.615
-34.0074 974.767
-5.46683 536.006
67.6907 688.734
-11.1705 871.715
-289.92 788.275
357.702 426.034
326.696 952.502
230.992 786.378
578.209 569.921
386.714 868.996
236.199 545.447
97.1223 630.39
-43.4206 536.135
70.1951 469.572
345.125 382.887
337.066 357.403
89.2762 743.957
364.723 978.291
215.073 637.68
271.103 812.476
218.568 724.208
84.2934 426.173
408.827 702.973
321.489 411.496
316.121 655.6
182.296 818.823
108.293 638.276
73.2458 619.898
448.362 696.116
172.517 552.264
219.524 529.924
335.653 728.82
485.366 903.898
343.343 523.954
333.983 855.84
-73.2323 517.781
220.433 770.464
426.197 741.04
50.3505 894.435
344.537 698.654
101.183 437.326
470.753 820.286
266.936 751.885
103.603 739.764
-87.8435 715.356
387.462 707.505
419.877 615.228
85.7243 819.376
281.538 823.865
96.7692 817.5
-16.9092 576.64
137.803 587.072
-144.676 1108.88
96.111 741.774
268.407 581.418
43.9944 513.204
122.432 664.501
-275.998 726.108
416.405 622.196
382.664 952.814
-41.2252 508.374
492.566 711.834
363.643 720.846
70.6906 604.556
281.207 612.199
240.52 1055.23
154.258 654.589
-193.9 719.998
379.332 753.281
-61.8095 748.022
350.958 503.228
384.451 563.868
147.702 841.652
78.2984 830.955
388.731 747.56
-213.173 538.431
102.384 958.95
120.205 669.74
416.542 799.278
504.454 482.759
298.216 611.437
689.404 832.801
156.006 567.163
225.684 687.986
99.6418 874.192
214.694 502.83
38.4536 845.402
-8.25487 724.33
-141.992 724.502
576.455 576.855
140.546 703.288
-141.225 828.998
203.766 680.066
105.72 820.703
111.137 940.008
186.963 556.932
135.753 599.268
416.116 391.039
8.76992 892.089
121.744 864.782
333.096 594.895
308.869 1051.32
28.1379 583.117
127.226 901.127
427.042 722.621
420.154 613.976
175.382 577.186
35.9865 881.117
144.13 792.568
131.603 615.13
147.604 345.526
366.231 615.801
238.479 783.625
208.568 522.973
-134.768 273.253
105.543 617.643
180.348 726.473
289.626 805.854
376.691 881.997
471.209 566.055
142.369 737.529
322.214 644.271
375.593 723.5
37.889 798.206
241.128 333.447
230.936 690.654
469.42 537.328
369.602 488.16
211.987 446.842
431.298 545.442
176.977 322.671
384.841 934.774
461.454 804.849
116.405 585.141
326.081 475.709
72.8476 353.852
199.795 729.637
318.696 402.479
328.546 593.678
258.382 636.051
191.177 549.699
388.652 545.649
211.893 754.274
237.273 703.957
122.91 426.66
229.766 722.579
56.778 519.087
417.76 690.107
267.304 530.003
-114.588 819.166
56.8573 915.925
477.856 928.781
476.303 648.894
311.576 810.658
110.287 573.878
355.634 472.328
333.295 870.334
-178.182 630.707
167.036 646.294
332.229 762.078
2.75482 964.482
289.095 814.328
-221.275 832.648
-53.7196 515.168
-92.848 354.476
87.5754 702.197
391.067 721.505
424.172 710.943
142.581 813.308
653.112 697.64
108.377 755.747
377.955 833.998
374.124 765.698
-59.4758 458.816
276.865 1038.79
258.892 766.657
-84.4719 566.904
65.398 896.536
292.093 1095.18
338.72 1158.41
-107.668 788.455
271.238 719.494
-129.284 765.976
145.613 707.982
481.402 719.611
87.1508 607.922
388.571 946.987
246.748 870.282
154.006 667.872
198.568 624.572
211.42 969.904
35.988 1114.54
389.114 449.499
111.328 318.155
331.538 954.777
362.525 920.726
161.666 544.026
171.385 736.851
215.693 657.874
112.073 723.911
350.256 550.361
403.242 911.643
75.5992 817.72
231.393 386.43
381.024 719.492
-211.253 621.431
541.022 789.694
296.62 687.68
170.81 771.683
127.016 867.557
314.42 790.806
-180.79 929.499
11.7031 342.86
-277.788 909.657
412.475 804.748
189.393 893.308
463.552 833.619
42.4661 880.001
-82.7152 581.551
388.633 852.435
238.633 446.436
206.203 303.174
465.344 771.312
167.036 1376.14
159.536 338.723
-340.797 549.82
434.906 610.383
433.915 778.994
51.4107 976.649
171.144 488.524
186.515 912.134
-23.8965 637.095
87.5094 1233.72
38.112 777.91
115.51 795.931
18.1944 657.714
98.1153 608.569
41.8121 544.07
158.193 685.482
-54.3151 870.266
246.471 808.871
176.405 528.523
223.714 543.041
174.789 952.581
13.7214 997.391
279.309 724.053
469.95 873.966
259.589 766.758
161.506 901.969
151.09 871.846
501.812 984.002
461.793 520.23
344.848 958.118
372.339 712.601
312.315 534.897
231.877 626.266
257.26 828.173
229.213 654.938
285.671 716.703
18.5887 656.67
53.6182 1047.47
138.682 694.121
150.639 465.084
277.587 580.739
310.71 561.139
470.679 828.811
29.8017 394.61
317.986 782.366
436.364 1020.97
244.897 586.057
285.382 526.174
295.16 832.015
213.106 901.389
64.3376 485.023
133.916 742.23
344.565 577.763
365.29 1145.13
338.771 517.284
-338.327 801.664
421.137 654.044
412.355 486.504
361.34 741.086
113.486 674.515
203.991 780.407
136.15 656.608
280.74 536.261
319.343 438.79
7.55052 541.062
645.894 923.444
360.134 972.663
244.762 742.977
-105.522 750.689
-44.5285 893.593
132.306 751.964
166.121 713.795
282.712 554.772
157.917 517.052
418.765 670.721
85.106 295.143
110.243 730.387
123.825 595.691
351.49 774.671
333.48 568.857
344.117 429.198
149.85 652.591
375.204 819.933
93.289 771.755
121.562 854.015
295.102 672.47
417.736 573.966
377.062 823.55
126.916 1124.68
108.849 464.385
239.013 637.445
385.382 741.93
201.894 811.391
23.8653 796.919
152.853 663.355
213.332 829.084
489.79 794.334
366.446 753.563
231.796 576.148
421.184 739.28
-378.597 607.234
148.482 551.859
563.99 858.098
189.648 961.752
381.758 607.646
-220.848 665.486
131.867 859.844
213.527 741.415
304.393 514.847
143.118 671.122
547.631 614.366
210.427 662.215
278.969 461.259
275.82 522.687
40.8751 978.426
232.842 139.76
339.677 866.166
614.059 667.341
129.261 727.796
282.977 880.414
399.741 737.622
301.368 603.22
371.58 634.167
128.746 928.123
-45.3234 586.099
92.2188 616.495
242.488 756.722
-61.5492 674.566
139.065 623.966
179.194 1313.07
326.212 656.125
349.861 681.78
-79.4635 452.192
118.787 1160.57
313.469 640.854
53.2424 580.483
420.023 766.481
426.985 757.236
125.045 850.771
92.5781 470.508
245.406 819.209
14.9503 989.139
85.6126 726.74
82.8514 766.261
57.8921 746.196
-248.067 419.313
-132.21 774.927
50.5434 757.357
374.155 1075.12
101.915 831.125
165.534 442.624
189.625 934.819
357.157 404.629
209.823 698.14
50.9831 402.497
282.607 944.81
171.083 662.929
423.015 682.478
-40.5075 504.378
451.132 512.673
181.11 620.165
388.976 588.382
155.147 712.394
-47.3161 729.626
125.797 638.279
276.435 797.926
179.134 519.123
141.35 689.941
279.409 611.189
84.6667 567.029
387.281 808.787
229.291 599.428
143.929 393.745
253.011 495.959
140.837 790.36
486.408 765.464
250.419 573.841
258.4 759.835
175.824 315.696
330.473 706.928
434.444 744.051
495.248 596.896
94.3608 587.076
354.443 785.752
209.07 421.479
444.67 525.499
-55.3355 741.848
203.336 725.746
-70.2512 717.058
221.168 887.163
313.899 723.913
-6.17939 723.875
393.632 642.795
285.429 883.535
151.475 643.649
253.374 764.85
288.45 572.396
569.363 831.103
129.388 868.636
444.085 559.789
104.632 755.278
243.227 766.795
137.822 757.01
279.596 750.123
33.5363 605.406
160.027 507.008
-69.5863 652.541
410.707 684.533
263.934 858.712
71.5723 774.348
205.978 956.252
374.934 992.346
250.176 804.612
365.202 978.187
334.774 727.71
108.555 915.169
601.377 994.311
-77.137 787.545
277.43 961.571
221.643 810.197
154.462 795.477
233.269 723.321
187.947 564.705
259.93 1099.17
197.616 183.061
256.371 897.822
76.9615 751.854
-6.22521 773.718
119.59 711.868
109.868 608.38
145.426 392.208
587.265 672.073
262.029 799.335
276.343 648.48
211.87 967.548
648.81 709.434
327.746 629.666
207.091 516.571
-24.4748 1113.52
33.1934 621.625
256.523 662.284
352.775 847.063
8.0585 607.425
438.938 601.461
296.226 400.345
158.509 620.261
55.0504 804.043
250.334 450.034
136.369 596.384
197.731 305.034
18.0322 612.64
119.124 929.3
9.04297 323.968
280.985 591.476
70.2828 528.08
221.58 640.335
261.788 591.502
-6.75826 955.989
19.5306 650.375
49.2556 486.594
-324.527 1013.8
62.8488 752.657
352.698 616.048
290.592 566.098
241.364 718.166
366.058 628.093
-156.925 806.607
119.542 313.747
58.0184 505.08
121.237 682.758
115.576 559.331
137.887 618.291
294.829 810.829
-4.53053 655.652
197.231 623.331
182.804 875.154
10.6743 599.199
-71.7824 860.668
173.376 770.836
70.0955 608.802
55.4339 1013.91
485.409 760.237
-77.0255 705.365
559.949 987.339
40.3489 478.41
18.9302 695.821
510.788 362.468
88.2856 983.888
-33.107 741.953
114.288 635.648
-55.5882 823.988
443.299 653.495
205.864 705.353
133.289 586.793
70.0413 825.489
463.912 893.571
188.526 1149.93
24.818 879.682
284.654 637.381
416.183 755.1
349.784 464.65
152.654 867.985
29.3133 518.773
-78.5825 1125.25
428.786 382.855
73.1118 822.16
603.422 891.747
252.985 751.84
304.077 850.408
135.148 1242.37
371.311 736.575
446.694 794.401
-172.932 735.04
209.746 1061.82
196.438 574.371
216.823 779.557
328.527 968.85
301.445 587.59
132.208 487.262
204.5 501.854
297.221 234.235
321.982 751.565
-54.5292 820.759
188.886 439.261
148.098 608.312
343.693 560.388
335.155 963.049
73.0717 747.456
237.656 1049.87
360.103 965.968
175.164 618.31
316.189 662.237
161.899 752.557
94.5743 631.127
258.343 516.212
-34.7131 1067.16
21.6075 542.6
323.123 608.224
234.795 820.566
294.263 665.397
343.317 708.569
48.2603 382.642
228.425 711.19
95.5329 697.453
22.2231 813.355
165.723 709.575
38.2955 589.804
606.98 749.961
-13.6921 626.508
561.587 509.898
349.998 727.225
53.8332 627.302
485.792 812.417
80.9564 376.968
-184.221 682.677
70.9318 695.47
293.202 560.571
76.1347 1015.98
5.44056 669.352
-9.22952 919.011
696.638 645.469
285.602 1185.8
285.03 793.06
183.506 761.342
380.436 453.196
527.112 797.894
32.2508 963.508
263.851 587.425
210.426 851.61
409.094 387.167
-3.77404 565.601
376.739 231.378
-139.774 941.96
257.566 712.288
178.448 357.105
109.771 747.6
-360.274 1022.32
569.106 670.098
36.6834 639.174
337.241 831.744
-20.2193 800.956
85.673 954.332
247.725 912.968
233.649 844.072
344.887 672.055
138.965 484.292
58.4146 642.243
344.12 660.192
490.146 620.106
250.774 709.318
148.807 741.865
332.932 721.915
-58.8034 635.415
74.3791 753.512
134.121 887.588
553.192 660.661
135.251 841.661
710.363 506.192
69.036 641.696
-147.382 818.183
233.139 591.676
546.065 710.305
205.591 555.974
600.729 712.809
110.283 735.72
-101.994 634.695
166.747 758.137
-76.6164 729.739
94.6436 817.986
51.4276 683.475
-18.3758 576.723
84.2978 749.862
293.768 950.154
426.348 886.712
48.1719 920.228
108.907 366.228
140.084 540.02
-184.62 772.644
84.7007 1123.77
41.1229 740.522
105.574 610.096
177.05 741.68
224.407 505.936
385.74 527.216
265.921 654.261
81.7367 604.907
237.327 481.391
240.496 497.208
-309.859 949.846
340.384 630.889
200.089 588.084
261.964 1095.15
-98.3606 714.474
183.348 441.89
245.649 662.489
2.54251 622.161
331.96 725.639
288.434 927.399
304.439 992.271
303.538 1059.56
154.765 501.196
500.216 731.998
378.867 527.052
184.347 599.508
204.505 698.017
492.362 631.544
296.814 725.724
238.986 650.077
692.285 636.84
100.483 813.464
391.56 750.18
91.8117 593.587
253.366 700.08
35.7121 743.002
212.689 720.764
269.862 772.277
377.649 565.265
253.547 567.274
131.981 524.91
648.428 752.297
181.009 558.204
140.536 611.03
266.029 807.995
486.065 694.431
120.947 909.976
239.003 1089.26
302.382 857.213
219.367 1018.89
7.68424 957.116
352.628 480.784
224.917 938.771
15.1281 654.393
114.683 531.078
174.642 730.542
55.6561 849.037
271.063 883.853
251.903 614.656
157.085 506.745
102.738 495.225
428.312 681.293
370.235 672.734
-106.28 743.923
-213.898 798.175
172.89 830.013
346.511 777.013
171.442 724.156
172.475 616.733
71.7393 389.589
176.51 514.834
501.435 643.603
148.317 655.047
129.927 637.298
129.446 649.934
356.131 788.385
236.981 777.116
112.97 824.932
-166.137 732.431
-92.594 967.567
132.825 627.045
23.0946 591.306
184.742 756.165
413.017 933.455
83.8922 913.015
62.5777 634.103
43.4952 814.861
191.363 489.883
152.552 993.836
243.212 629.969
367.984 602.804
468.351 544.985
-230.077 462.599
-4.4582 841.948
344.617 704.76
-215.656 804.482
99.6543 454.717
488.595 461.81
323.829 457.185
354.87 611.581
457.519 650.5
86.8959 748.814
502.441 721.889
62.3404 688.948
346.86 727.797
219.424 496.225
106.715 521.995
-105.462 752.232
126.785 1019.27
8.03127 882.489
142.31 450.629
336.543 397.305
122.935 311.475
113.544 345.046
83.0156 772.611
106.103 652.723
110.344 591.596
28.0417 531.56
146.973 645.592
1150.63 459.055
1481.09 394.627
1477.6 386.339
1232.36 300.418
1559.75 11.7764
1706.45 164.253
1527.7 136.945
1658.64 62.4025
1494.62 252.145
1401.45 326.815
1525.76 206.674
1393.89 187.48
1364.78 360.965
1435.54 197.999
1781.5 287.062
1520.92 64.7599
1588.81 279.627
912.398 351.439
1762.03 131.436
1457.8 150.261
1745.64 177.368
1543.6 170.43
1440.9 -408.548
1657.01 435.478
983.665 336.095
1813 305.476
1218.63 -116.719
1423.23 33.7348
1699.41 257.541
1022.68 48.3331
1168.69 282.006
1516.43 142.106
1400.6 402.496
1399.76 -147.344
1347.18 169.898
1244.56 487.156
1444.9 419.506
1274.5 309.412
1428.31 257.47
1159.41 2.95338
1262.12 349.481
1375.19 469.6
1321.83 324.998
1270.14 584.133
1754.51 133.466
1454.6 289.945
1522.75 400.411
1525.47 306.928
1283.67 -16.8094
1360.98 191.129
1458.66 244.722
1563.6 160.167
1340.17 206.881
1653.18 59.4904
1147.08 377.916
1466.71 250.459
1584.04 64.5514
1520.34 95.5085
1216.56 434.04
1460.82 111.933
1196.06 157.282
1447.98 -88.556
1623.33 290.071
1311.54 206.583
1623.46 419.836
1417.46 249.904
1516.6 55.2913
1248.34 128.123
1459.47 -9.05884
1747.77 12.3506
1535.06 291.502
1629.09 416.147
1502.92 301.881
1043.99 182.711
1513.47 322.73
1388.34 265.829
1395.9 114.26
1174.82 297.638
1134.09 499.385
1202.32 21.2343
1529.88 9.9554
1154.73 42.2387
1558.31 232.188
1476.98 206.469
1304.78 -38.5228
1588.92 -141.892
1628.57 22.3509
1351.96 275.733
1601 350.046
1540.51 250.673
1333.43 73.603
1305.62 -75.1222
1546.44 241.043
1245.84 497.861
1131.17 277.269
1533.54 134.848
1431.44 250.961
1277.07 411.546
1447.32 195.75
1610.93 301.752
1293.42 396.58
1371.48 223.736
1587.42 280.722
1440.7 106.061
1307.72 273.288
1220.35 -8.30415
1249.95 192.39
1322.24 370.241
1239 213.807
1108.24 20.0456
1280.62 399.806
1495.27 251.435
1382.02 204.216
1212.72 308.601
1475.86 -77.6371
1387.32 404.789
1355.67 268.639
1659.72 60.2557
1222.77 242.295
1064.6 307.905
1534.28 126.418
1694.92 205.42
1400.59 69.4977
888.109 -5.71482
1477.24 164.491
1436.26 186.029
1448.72 84.9702
1490.23 -172.195
1164.96 169.267
1291.46 171.533
1427.53 206.926
1431.95 237.846
1520.18 -49.4402
1689.84 -72.1615
1270.58 174.184
1134.44 -108.409
1558.65 217.151
1406.09 -145.243
1325.23 529.13
1558.91 11.845
1244.98 195.646
1497.05 158.684
1301.69 544.945
1328.11 385.343
1223.23 -230.729
1393.34 -93.1925
1147.29 100.619
1504.24 250.885
1518.38 172.094
1406.1 236.441
1620.32 5.45072
1284.7 10.5786
1540.3 172.07
1336.02 482.682
1573.21 195.331
1465.8 172.058
1625.78 377.193
1204.36 -182.89
1464.73 220.658
1459.31 274.259
1616.42 364.411
1133.79 -17.9672
1357.93 -91.4765
1670.98 82.5049
1650.86 412.011
1510.05 470.337
1369.7 459.176
1633.41 605.085
1661.07 -129.063
1089.63 270.335
1315.89 -49.6536
1357.11 279.181
1741.35 232.706
1806.23 123.633
1505.39 196.664
1372.39 -13.8277
1456.96 401.56
1536.55 267.984
990.226 192.151
1460.86 -143.919
1173.07 -30.2675
1371.86 386.44
1477.92 196.836
1568.45 -214.416
1269.46 361.869
1390.51 510.091
1550.05 379.385
1284.81 -237.588
1757.29 -44.2035
1630.73 338.775
1424.17 193.852
1412.74 250.059
1323.24 179.763
1353.12 -53.3228
1762.4 107.951
1270.25 -11.1031
1198.72 315.814
1431.39 334.094
1308.41 420.176
1095.26 168.376
1418.65 148.113
1449.79 -46.8867
1583.88 245.827
1299.06 62.0009
1701.1 137.021
1200.92 335.308
1394.17 495.144
1279.7 333.133
1345.49 200.728
1551.52 -158.966
1205.1 55.7935
1202.1 218.7
1223.77 184.182
1307.63 131.59
1316.78 194.951
1133.81 322.999
1496.3 3.69068
1162.2 196.773
1563.33 456.147
1421.61 -136.968
1651.76 300.296
1436.12 23.2778
1246.96 288.847
1030.24 437.519
1452.48 36.5716
1378.22 269.927
1164.69 235.057
1270 329.25
1407.77 452.818
1448.39 -83.5662
1134.97 223.139
1414.36 71.1528
1047.47 444.264
1590.42 253.905
1512.05 -13.449
1896.92 75.0353
1394.34 203.109
1433.6 -31.2924
1663.57 330.763
1465.98 630.809
1427.38 229.378
1397.07 -134.14
1145.58 29.9802
1647.72 241.998
1541.43 295.963
1593.66 334.329
1613.45 145.695
1397.73 32.0199
1454.62 -29.1551
1540.21 270.595
1437.69 373.396
1236.33 -42.7541
1216.08 32.0562
1691.59 -76.4731
1236.36 82.3535
1256.26 285.472
1823.2 299.307
1280.62 168.108
1558.46 229.681
1622.68 286.056
1082.65 196.469
1374.73 56.3852
999.599 189.689
1559.56 140.742
1580.29 372.714
1358.79 451.495
1576.68 306.184
1366.59 415.071
1186.41 506.225
1327.97 -62.0126
1488.74 167.06
1439.5 549.227
1245.29 300.854
1437.84 184.96
1301.81 2.53022
1346.42 217.33
1325.16 93.8527
1547.89 14.1703
1496.52 141.029
1564.97 -111.05
1328.51 389.744
1300.29 81.7109
1045.09 99.3299
1202.8 436.003
1272.55 -242.152
1491.87 324.756
1349.06 335.626
1321.31 283.267
1506.46 9.33049
1326.43 306.773
1242.24 182.067
1688.92 -47.657
1525.85 632.847
1273.15 172.972
1546.42 76.0121
1188.83 -169.166
992.311 76.6572
1265.46 509.494
1397.16 111.322
1476.61 -60.1612
1219.21 297.793
1491.96 611.585
1451.01 181.81
1630.59 93.3811
1633.02 200.578
1438.36 177.831
1600.39 181.302
1330.37 167.113
1445.77 -12.3012
1536.83 312.034
1404.16 212.26
1316.18 21.0261
1535.45 251.025
1599.8 110.955
1008.93 413.051
1458.11 -42.5204
1261.6 -165.65
1504.09 64.1627
1297.63 -3.01007
1373.23 316.764
1346.31 117.038
1238.03 347.552
1166.43 148.538
1375.79 400.316
1605.48 20.4878
1510.04 335.687
1110.05 243.807
1423.15 270.697
1493.3 107.04
1261.48 297.186
1432.88 403.982
1470.27 130.087
1168.26 464.694
1420.17 411.805
1617.39 475.396
1465.13 269.601
1724.61 86.4049
1637.8 284.07
1595.47 53.9348
1732.03 -248.414
1439.94 -47.3414
1064.05 -47.2227
1449.55 423.552
1034.72 -26.1871
1247.58 252.6
1490.79 48.7675
1143.32 398.251
1402.67 290.959
1308.88 300.773
1466.13 248.43
1631.42 101.926
1461.06 -203.259
1634.25 337.55
1637.69 202.348
1769.16 275.229
1478.3 330.412
1326.59 150.173
1694.45 249.018
1506.51 396.305
1535.21 157.284
1332.71 286.476
1394.14 422.101
1339.97 413.625
1165.63 175.432
1352.23 236.047
1172.84 460.284
1538.68 290.623
1494.92 153.384
1284.68 326.525
1523.25 -33.4584
1253.82 146.361
1379.05 253.98
1598 185.369
1358.49 192.607
1297.95 400.065
1203.41 222.598
1538.88 75.2499
1432.64 389.107
1419.28 89.6451
1471.42 -156.309
1603.29 139.593
1539.37 282.532
1393.35 311.389
1285.37 174.821
1541.3 500.422
1589.57 360.857
1329.63 308.741
1525.29 -12.708
1532.65 -144.524
1134.35 126.542
1439.2 -163.753
1590.72 211.489
1280.79 286.875
1361.05 273.683
1597.08 216.285
1312.31 329.624
1372.57 53.8673
1540.64 639.866
1200.91 303.641
1198.96 184.947
1380.62 202.692
1289.57 125.039
1479.33 7.16918
1187.58 344.535
1372.91 -96.5096
1456.83 -87.1869
1438.24 287.624
1458.6 208.331
1343.9 34.4155
1651.28 324.94
1445.94 259.593
1373.2 50.1614
1382.53 242.441
1335.05 158.506
1668.75 465.097
1239.11 267.848
1424.24 355.08
1298.38 373.599
1673.26 159.289
1798.7 252.913
1457.31 147.945
1620.08 337.513
1589.41 308.38
1461.7 187.281
1613.06 184.964
1310.8 410.999
1424.81 -156.542
1452.56 178.807
1403.22 410.125
1501.07 -19.3381
1354.08 346.38
1478.4 261.242
1415.27 -205.354
1344.48 264.441
1271.69 207.71
1474.08 248.565
1155.19 265.659
1346.62 354.985
1224.15 -235.432
1147.68 506.614
1668.26 366.858
1496.91 414.701
1531.57 43.9996
1316.91 314.471
955.401 477.532
1571.28 247.512
1389.46 361.167
1016.97 306.345
1548.77 417.169
1549.41 97.5885
1617.89 314.586
1339.42 172.703
1111.93 69.2738
1070.62 -73.8808
1585.58 75.536
1289.62 258.558
1508.75 318.699
1006.36 7.376
1635.41 365.162
1861.94 662.419
1430.49 111.42
1403.2 158.193
1519.06 2.14982
1346.8 213.688
1385.23 311.864
1208.5 336.092
1532.97 118.158
1502.41 97.8411
1533.21 129.947
1537.74 164.304
1294.4 411.442
1427.87 277.524
1215.55 118.772
1411.08 -60.3328
1606.5 258.293
1429.11 -70.5388
1288.15 39.3181
1484.02 -69.2143
1697.14 69.4355
1223.09 194.085
1500.92 146.948
1275.28 39.7197
1735.33 208.86
1238.87 120.85
1076.57 485.941
1512.93 237.279
1437.6 126.13
1216.14 320.992
1108.35 315.705
1327.81 354.6
1219.13 76.6649
1010.06 289.372
1397.79 200.414
1490.23 404.61
1453.22 308.314
1223.97 323.737
1329.51 348.093
1291.53 28.4651
1612.71 343.678
1571.99 265.975
1059.32 522.329
1305.55 455.913
1349.43 228.311
1365.41 182.2
1245.02 -93.6849
1470.62 119.288
1405.04 234.67
1335.41 369.362
1466.73 218.205
1298.76 550.652
1352.9 30.6719
1368.34 236.106
1274.67 322.547
1169.59 356.45
1390.25 -66.6701
1086.85 255.471
1384.07 22.539
1584.28 88.3304
1575.52 279.744
1576.7 206.259
1420.53 37.7881
1449.26 276.116
1188.14 322.689
1335.86 281.263
1434.39 536.684
1533.96 -213.392
1535.11 562.519
1353.93 545.681
1183.53 72.7001
1336.56 -36.5628
1580.92 69.8844
1633.1 375.188
1322.56 25.3513
1239.15 -21.8773
1145.95 285.459
1301.95 386.508
1415.38 220.906
1630.5 53.544
1287.98 -44.9406
1183.1 178.909
1170 249.089
1417.45 71.612
1653.52 38.257
1256.86 -91.7124
1365.59 155.684
1556.96 141.247
1348.06 317.728
1609.3 248.41
1360.74 177.13
1647.06 33.5365
1450.27 4.73321
1143.31 106.412
1012.97 200.219
1472.68 344.477
1458.7 366.931
1383.67 311.687
1351.33 302.037
1374.7 179.388
1764.95 160.27
1377.64 494.013
978.852 -110.058
1772.6 74.1579
1783.95 -14.3031
1420.37 457.813
1205.59 206.746
1255.64 254.614
1506.32 -61.6776
1383.26 272.757
1529.32 477.002
1504.95 632.132
1492.43 115.057
1252.33 484.083
1260.08 222.218
1258.97 278.037
1148.02 141.271
1354.08 -206.895
1715.81 234.016
1331.65 277.32
1432.28 228.332
1289.02 58.8621
1513.25 259.04
1683.32 347.4
1564.07 202.217
1470.35 -62.7143
1593.78 -31.7077
1525.31 -217.082
1653.68 252.043
1536.12 0.070997
1340.24 461.8
1603.47 148.312
1429.81 577.119
1534.21 20.8778
1388.24 92.178
1492.1 174.104
1175.84 158.882
1482.6 311.003
1328 96.9629
1216.82 101.321
1269.9 273.939
1327 49.3931
1516.54 39.3531
1233.59 303.733
1283.97 179.658
1749.47 219.771
1243.58 291.444
1264.56 223.539
1667.44 -134.016
1415.77 117.717
1258.42 5.25561
1601.06 229.31
1419.59 156.615
1817.47 739.24
1237.71 20.0217
1693.94 -13.5051
1181.48 112.939
1259.52 262.433
1484.98 472.978
981.683 271.114
1319.52 289.958
1630.47 24.8843
1582.59 562.509
1343.61 502.08
1540.81 166.48
1283.97 -46.9237
1577.59 94.2739
1580.05 317.45
1370.35 197.097
1464.05 148.515
1073.77 268.1
1436.63 -60.3209
1270.04 93.5837
1337.36 253.355
1624 235.677
1498.37 367.236
922.06 178.344
1018.24 155.324
1220.67 346.24
1436.49 313.158
994.101 52.8272
1444.21 572.049
1305.58 403.351
1410.81 414.542
1376.37 127.313
1470.96 367.619
1585.6 100.759
1211.56 31.3172
1555.25 223.873
1209.82 152.715
1615.83 278.732
1283.56 406.296
1358.94 -41.2639
1572.82 321.865
1577.28 135.306
1515.02 -41.0868
1546.9 109.724
1386.86 180.263
1433.26 123.791
1554.7 318.808
1159.02 103.211
1531.85 125.648
1457.83 9.06202
1410.4 255.21
1524.62 100.757
1480.49 254.886
1345.67 283.79
1562.86 434.604
1281.73 86.9998
1226.01 181.451
1751.02 296.705
1266.63 403.082
1195.71 704.256
1552.34 107.69
1404.47 307.342
1600.62 -20.0298
1074.76 243.773
1419.75 18.6861
1170.18 270.152
1633.87 -151.246
1370.18 313.451
1736.83 233.685
1452.58 -2.23361
1400.49 266.648
1585.55 -94.8409
1418.1 387.24
1537.28 111.619
1254.37 159.63
1514.45 215.928
1623.81 227.264
1449.78 470.137
1213.78 286.562
1449.84 279.862
1542.09 264.624
1360 245.841
1507.92 195.913
1266.3 219.84
1384.59 60.9367
1297.82 448.505
1302.37 -2.23652
1098.08 495.598
1349.76 -44.0323
1440.25 154.807
1346.08 245.804
1056.27 813.02
1211.58 284.034
1520.51 206.132
1803.8 362.237
1470.91 228.065
1637.72 70.7137
1339.86 36.1969
1217.33 251.202
1623.76 118.319
1712.32 115.717
1482.88 242.72
1317 445.337
1355.99 134.531
1485.82 407.866
1335.32 305.285
1368.28 123.104
1406.11 164.575
1356.16 132.631
1514.03 -65.4023
1540.84 195.222
1155.68 96.232
1299.25 185.567
1083.58 42.3614
1284.18 131.395
1138.96 212.025
1186.84 31.0535
1130.36 -35.0666
1498.74 53.39
1396.59 185.804
1179.34 295.371
1588.08 -131.488
1599.45 311.029
1531.53 294.015
1465.44 545.587
1334.31 390.698
1575.28 401.523
1493.91 256.833
1491.66 350.523
1386.64 672.606
1226.07 148.064
1333.34 53.0978
1438.21 126.496
1401.84 438.85
1155.74 82.973
1190.85 302.339
1698.66 339.949
1697.62 325.037
1679.31 147.488
1370.92 303.066
1544.24 258.892
1473.78 532.185
1453.87 122.164
1275.49 77.0289
1723.69 287.395
1224.21 217.694
1356.88 130.97
1154.29 178.809
1689.89 -179.235
1317.17 257.151
1337.53 273.457
1283.61 24.8384
1056.49 157.245
1226.78 67.4076
1449.39 407.681
1446.53 -65.2311
1735.19 268.309
1694.6 175.877
1488.17 -179.715
1188.79 325.84
1226.88 581.978
1571.83 315.524
1350.97 182.996
1255.3 103.332
1352.85 432.989
1066.1 63.5507
1136.02 327.899
1487.43 -258.915
1443.81 193.199
1450.63 -32.649
1566.41 22.2373
1511.38 260.674
1683.99 152.788
1237.42 61.6267
1471.89 388.738
1200.83 359.465
1440.76 106.253
850.679 266.418
1544.8 338.991
1324.79 201.609
1198.58 98.6348
1527.6 279.096
1238.69 284.804
1674.81 244.675
1453.91 195.337
1215.11 462.362
1406.11 141.219
1299.45 -67.1398
1304.62 95.8083
1694.83 213.201
1676.58 267.649
1234.69 134.379
1081.29 390.398
1328.19 -320.144
1199.99 287.744
1314.15 435.113
1704.54 378.252
1471.45 21.7378
1313.85 290.193
1382.54 172.19
1404.01 464
1322.82 110.799
1542.3 195.54
1507.44 151.699
1191.45 419.097
1288 -104.059
1562.76 194.931
1399.36 192.051
1398.2 237.332
1103.13 466.144
1109.35 82.5865
1471 266.229
1405.38 169.499
1348.78 241.037
1173.17 160.733
1425.3 181.477
1216.76 298.449
1742.41 358.74
1641.92 163.53
1249.01 285.24
1482.71 382.601
1618.86 292.448
1294.53 428.02
1432.75 388.197
1277.97 217.496
1673.85 -34.6416
1045.88 94.3141
1691.71 96.3674
1596.15 63.6252
1374.54 333.984
1571.46 -9.98807
1304.4 -32.536
1381.79 281.058
1597.91 190.232
1375.98 489.863
1248 243.574
1321.12 327.206
1234.82 137.233
1301.97 8.54385
1476.29 123.229
924.71 455.017
1697.22 90.3047
1204.35 281.887
1162.12 534.159
1627.21 367.078
1519.34 374.949
1155.95 36.5151
1103.09 297.478
1347.69 231.609
1532.13 250.116
1428.96 11.8426
1264.58 -129.695
1598.31 349.115
1278.46 57.5908
1222.42 169.897
1273.4 370.409
945.635 265.319
1256.83 74.8578
1257.31 228.974
1405.96 182.365
1650.22 -190.465
1392.26 406.594
1624.07 581.584
1387.21 213.198
1720.14 231.924
1647.68 86.1281
1717.09 -61.8311
1336.97 -48.6469
1407.04 164.235
1105.63 173.314
1618.07 194.75
1321.12 457.671
1334.85 251.16
1189.02 355.367
1263.07 788.799
1605.29 141.8
1421.39 91.1399
1319.86 228.439
1527.85 54.9014
1500.09 636.23
1547.5 240.891
1344.07 204.247
1529.86 132.989
1233.56 -127.587
888.583 -100.15
1432.42 133.074
1372.48 238.939
1445.5 374.398
1386.92 115.315
1478.26 429.053
1434 175.333
1183.57 240.27
1703.05 -310.743
1512.41 142.435
1406.3 391.221
1230.43 332.237
1375.42 89.8602
1289.02 33.1215
1420.71 634.047
1612.36 280.535
1394.68 274.099
1548.48 -127.261
1298.51 103.384
1354.59 410.869
1222.37 8.4955
1377.4 266.788
1199.56 77.7332
1184.17 43.9373
1363.58 47.8831
1266.84 109.308
1736.25 437.448
955.938 134.749
1428.69 407.679
1339.83 -208.949
1300.43 177.751
1281.66 77.9496
1337.57 39.9038
1751.15 103.252
1438.82 260.623
1260.53 86.4854
1109.63 124.101
1222.2 433.948
1239.74 98.056
1592.47 -243.479
1323.51 168.684
1656.19 152.492
1054.23 514.595
1371.36 528.414
1249.16 452.298
1686.68 208.343
1278.33 687.934
1587.57 29.2997
1233.53 71.3616
1396.84 328.486
1664.53 193.106
1678.42 196.417
1431.74 288.551
1386.48 247.231
1488.64 188.245
1137.11 293.12
1827.88 104.384
931.966 58.8762
1257.61 182.684
1378.41 171.678
1355.12 29.9144
1580.25 -104.834
1329.93 29.0485
1276.71 353.607
938.393 11.5492
1354.19 84.2649
1430.99 266.209
1394.78 -151.575
1395.68 128.916
1453.04 13.7599
1650.92 122.227
1680.57 298.965
1435.81 216.653
1467.41 98.0831
1654.15 407.022
1289.54 121.609
1141.38 297.89
1438.23 180.55
1404.27 214.441
1267.01 113.539
1460.14 349.169
1329.22 206.456
1323.18 90.6618
1503.81 227.873
1121.35 164.304
1172.68 -179.56
1661.89 286.66
1008.52 540.135
1413.83 171.959
1662.59 282.475
1139.78 249.618
1090.17 6.29231
1178.86 87.8085
1634.21 290.705
1410.42 328.852
1668.39 96.7724
1266.96 457.759
1325.63 309.25
1418.75 318.504
1430.84 434.749
1303.03 -81.4348
1338.97 77.2283
1397.25 153.535
1062.34 418.133
1452.29 21.5215
1002.49 981.433
674.533 611.823
562.923 1096.34
813.048 942.205
772.661 674.058
826.653 367.347
847.413 1079.41
597.716 631.528
562.672 913.043
687.959 677.444
1128.46 920.747
616.788 683.691
493.57 598.893
1044.7 1178.89
595.475 732.467
878.525 741.062
648.67 1057.03
758.121 802.071
714.272 642.801
584.055 747.746
778.518 502.633
800.855 999.705
701.144 404.9
606.569 899.534
812.35 811.608
945.396 679.736
776.188 887.501
659.287 662.694
556.475 913.561
988.739 814.854
536.86 652.323
539.759 960.829
513.885 754.53
564.21 838.14
784.732 957.595
802.414 754.775
645.708 663.768
541.015 922.5
772.466 623.151
1131.48 915.881
512.278 697.433
779.745 954.694
1061.32 1161.34
465.413 868.847
736.503 1098.27
1109.29 1045.89
548.063 1043.88
917.344 624.414
917.851 661.739
1034.64 558.953
655.383 753.096
759.345 783.69
466.838 622.027
766.043 965.838
787.539 606.763
761.752 1112.89
697.252 970.753
969.836 863.946
802.151 1012.37
977.193 1208.45
822.829 1036.67
716.786 723.856
931.255 795.02
1014.61 1028.17
540.002 439.516
503.82 1075.99
810.199 890.833
704.82 771.973
679.113 952.169
865.579 573.509
522.046 567.448
831.936 717.991
829.945 938.066
412.75 747.423
690.661 1054.07
590.727 828.666
859.548 908.868
700.626 586.452
709.794 1176.98
771.886 699.507
901.354 689.659
877.792 913.741
592.803 1103.63
661.077 1048.1
501.258 808.049
639.879 1083.35
441.877 888.512
735.857 789.949
832.048 730.735
696.096 856.693
811.467 866.278
864.085 1078.19
1213.97 402.566
706.022 1008.67
813.922 777.398
1026.44 600.232
876.032 673.89
653.167 1029.43
1126.2 1065.03
633.86 742.48
700.71 517.697
754.989 852.347
806.608 1150.52
577.02 543.461
772.63 737.104
744.593 865.392
813.141 454.147
699.47 654.869
749.9 523.415
1121.88 565.067
628.158 860.68
847.828 728.504
760.265 971.845
351.366 918.893
728.676 726.825
873.854 1006.24
470.837 918.69
965.933 1012.6
769.041 823.852
1268.99 413.63
556.825 835.073
570.786 803.14
425.249 878.512
698.631 778.087
795.784 849.504
618.629 849.377
629.057 801.092
866.796 710.259
558.376 918.395
981.574 1044.54
633.008 825.468
625.911 619.964
557.709 709.828
397.293 844.462
933.945 623.911
873.532 946.292
803.577 598.674
938.383 843.845
954.3 796.73
938.682 893.948
662.799 857.953
810.317 995.147
935.483 885.941
505.369 858.308
498.817 905.56
804.323 608.55
866.096 798.798
204.771 914.009
1022.43 684.878
542.823 721.736
729.721 829.322
780.838 847.072
770.795 1023.02
1017.79 894.716
892.528 1223.41
812.022 1107.67
452.271 957.193
768.167 768.168
923.97 751.051
720.317 1009.7
897.948 617.398
544.048 390.878
773.426 706.541
807.381 873.991
557.74 1183.81
664.577 773.469
623.797 687.488
772.615 680.764
1038.67 744.733
694.736 709.938
668.173 1056.87
1095.64 866.092
1071.34 679.882
772.089 773.621
451.555 1079.59
818.726 818.403
922.18 718.674
638.205 717.335
693.059 807.789
799.429 856.9
865.526 771.346
601.553 483.726
638.332 1090.57
744.989 858.151
663.577 912.062
735.735 843.273
1170.86 826.767
913.901 843.428
680.27 495.524
884.877 968.253
955.425 925.491
637.56 681.452
805.563 789.414
785.724 743.276
898.65 435.697
854.422 838.333
751.152 1130.48
721.861 796.172
885.12 935.482
1004.05 682.09
670.881 728.656
1071.32 986.14
682.016 638.129
652.895 672.99
376.438 921.476
709.456 528.454
945.107 828.26
797.162 578.774
755.082 728.949
756.891 682.059
871.827 1106.21
841.275 750.758
577.511 683.699
653.519 923.645
544.928 987.591
970.428 599.704
782.446 691.971
631.371 672.028
778.224 820.702
632.745 652.137
710.185 737.422
581.74 1264.05
536.944 802.324
887.097 752.655
595.828 604.617
869.025 1148.58
385.675 879.632
709.026 440.384
724.004 824.119
695.865 874.769
748.263 777.685
964.231 531.024
889.713 520.459
678.565 753.947
876.265 1146.1
742.013 787.224
851.616 645.835
565.367 871.381
550.47 766.178
945.634 897.216
1155.34 841.483
1049.66 739.102
628.449 1070.93
708.153 782.665
729.005 830.48
649.108 694.444
611.594 884.85
679.307 912.63
897.703 663.396
935.135 1000.99
727.754 934.861
776.746 893.389
878.066 966.158
668.65 828.898
848.615 893.219
655.77 599.487
492.199 685.813
927.689 890.58
790.502 543.537
888.824 705.439
803.002 656.802
764.273 502.837
1126.28 686.806
528.051 887.951
642.77 618.818
496.665 870.378
585.395 985.88
1043.1 824.852
792.246 678.899
529.93 882.065
887.453 800.469
852.393 1025.88
680.646 639.756
674.473 831.247
1170.43 858.079
870.251 560.003
461.744 764.306
512.184 886.798
818.93 938.278
628.236 1060.34
779.099 703.584
987.226 962.812
787.873 840.953
821.638 887.298
966.793 858.12
576.112 786.169
796.086 947.758
951.503 532.786
386.5 937.924
743.872 832.429
998.106 656.873
1023.72 735.034
547.062 854.146
1044.35 817.14
1090.56 875.112
992.247 1334.29
641.547 664.322
869.539 555.134
1019.33 583.755
552.385 875.708
799.416 676.314
357.461 1084.52
773.419 964.61
973.101 987.162
780.35 868.335
908.7 984.187
642.963 191.422
901.558 851.861
502.628 549.213
677.348 607.155
847.599 885.688
858.228 583.828
964.796 814.445
467.951 745.323
540.929 1191.39
516.96 1002.82
477.99 632.842
885.187 608.483
657.519 950.05
613.109 946.57
1013.27 774.898
618.424 584.723
752.162 754.037
755.247 678.466
565.533 694.262
812.409 606.511
1109.17 968.779
625.735 842.987
769.077 708.028
351.189 449.065
621.252 997.368
1109.38 798.791
1168.94 1000.31
905.533 1009.11
1014.38 762.473
775.085 1051.31
549.922 839.779
835.114 969.5
546.6 653.941
638.87 744.381
806.922 341.966
902.816 844.241
628.864 848.218
910.028 892.985
968.288 638.16
1148.32 928.352
670.865 831.541
474.711 732.412
682.313 817.535
596.902 862.583
542.486 1034.18
571.149 606.96
752.075 1150.4
1028.56 768.065
838.19 960.155
286.818 934.825
1038.13 1060.63
797.447 868.013
801.98 637.829
853.991 680.658
625.596 778.985
464.609 937.798
777.844 709.744
689.443 943.307
693.885 696.989
495.664 560.542
795.181 691.22
933.088 970.164
789.508 449.328
764.764 868.909
911.453 1008.17
851.878 465.689
977.821 676.959
1032.57 760.485
935.654 888.218
692.298 673.717
493.027 746.747
581.601 595.316
970.958 902.452
601.205 822.027
779.438 741.509
879.571 926.075
921.36 521.852
239.93 782.566
962.258 909.362
771.812 842.01
842.258 961.134
1156 624.496
618.976 863.476
884.97 833.745
669.428 1110.8
622.848 875.707
992.974 827.981
681.233 753.438
862.454 759.068
385.552 758.803
755.244 969.373
966.117 948.676
886.601 878.654
520.583 682.439
1238.66 905.028
687.47 610.365
988.665 583.665
1024.69 599.818
658.849 917.707
770.113 843.564
851.045 871.414
690.456 886.974
897.993 939.666
572.517 1171.8
563.543 888.347
1035.81 711.711
973.57 716.85
889.151 696.465
758.723 646.431
872.558 823.291
808.141 817.989
752.291 928.954
356.927 650.917
564.198 1018.7
868.964 852.693
690.393 772.171
588.295 703.822
1123.66 878.224
518.2 726.735
462.807 517.164
646.052 646.251
505.717 669.208
835.437 1050.01
894.742 1036.14
961.38 1274.26
671.676 776.835
539.202 793.69
821.805 856.629
783.914 1144.83
1206.26 917.34
370.113 714.104
596.132 951.682
661.834 801.066
764.999 949.151
749.76 932.695
787.895 1015.23
766.829 584.383
528.156 930.528
627.005 697.459
747.605 691.424
892.864 591.451
682.385 716.791
528.053 1059.18
867.115 960.367
553.944 709.091
496.503 786.545
543.167 966.455
647.232 728.668
971.011 650.835
643.057 929.238
605.8 933.193
981.121 710.633
965.789 845.55
624.142 850.576
891.277 664.874
920.458 810.384
838.154 506.43
801.946 632.413
441.237 822.496
833.273 948.593
876.863 735.22
588.323 980.857
647.036 446.867
758.472 786.542
803.753 839.193
820.333 876.279
837.982 711.318
589.812 729.696
813.93 744.509
471.456 597.329
851.675 920.489
936.585 658.175
793.485 682.988
755.067 938.588
813.951 675.014
1131.65 1218.97
760.277 932.522
1058.08 621.965
774.737 1074.68
882.026 828.577
762.477 1035.63
818.214 915.04
839.62 804.162
317.999 917.14
602.073 573.163
734.334 910.57
590.536 718.75
951.03 811.781
893.149 878.452
713.266 631.525
732.901 771.794
546.385 1140.51
1019.7 633.729
1248.89 985.15
959.052 479.777
635.203 866.698
595.394 639.976
823.036 733.755
976.129 870.164
884.847 1139.45
1003.46 787.883
708.364 872.232
632.127 827.576
715.986 706.029
305.865 715.265
805.067 727.591
360.018 968.533
767.185 790.133
926.903 1009.54
793.356 724.896
861.905 576.781
774.305 491.514
424.044 1032.24
686.024 919.53
895.18 417.539
495.143 684.119
660.655 466.209
648.919 847.432
472.855 854.315
703.98 579.481
650.197 780.89
900.79 722.137
802.105 989.016
772.405 1120.33
635.516 625.042
901.06 1001.98
552.811 415.742
541.933 661.686
755.959 557.057
852.089 938.123
570.872 182.398
626.228 1005.82
808.4 1056.38
641.745 740.686
610.662 826.934
600.259 875.458
850.443 676.23
782.883 710.649
1008.93 418.2
926.041 750.268
736.657 850.857
822.495 599.674
761.511 828.802
773.867 1136.9
670.111 593.442
886.617 746.206
882.692 630.006
816.565 804.696
504.759 1201.13
621.309 876.328
638.472 895.702
725.478 990.594
876.946 1043.13
1168.7 455.888
636.637 905.86
555.078 772.849
850.813 910.07
683.906 1278.83
861.112 864.535
677.798 834.325
713.279 576.763
803.822 972.262
970.627 671.134
794.062 911.084
570.841 715.471
831.776 874.563
1173.31 1153.58
667.975 987.502
639.006 966.295
743.281 855.265
815.015 779.945
831.742 946.957
705.534 871.441
881.904 1041.56
944.292 762.358
986.693 753.184
721.622 593.04
836.605 754.409
1171.46 841.306
635.04 768.64
705.066 583.338
631.919 897.795
842.752 629.608
703.254 735.783
487.386 684.515
1090.42 924.3
971.724 1055.73
736.543 756.395
613.141 735.582
759.278 792.964
506.358 548.706
661.952 985.894
892.701 853.148
558.33 688.349
840.105 614.856
675.233 694.755
904.503 1121.62
672.924 948.47
486.877 653.098
511.261 740.385
474.229 626.318
725.886 567.744
631.527 590.226
900.573 675.555
893.346 729.571
583.671 781.532
843.249 503.504
726.446 729.426
582.5 841.493
936.303 470.805
898.869 961.98
928.8 528.589
1058.43 603.102
231.92 929.045
773.981 858.393
745.736 756.613
959.026 787.042
631.045 897.397
1027.07 450.362
745.243 993.492
676.675 1013.09
774.747 795.23
757.559 793.02
768.695 599.306
991.35 172.64
725.109 661.863
738.171 712.803
441.12 804.306
695.163 536.481
877.549 677.356
431.431 748.035
869.635 436.319
484.729 992.442
849.771 875.026
850.487 538.59
632.2 854.62
1099.87 815.921
481.109 473.738
999.393 1119.69
623.545 821.801
761.373 707.09
983.629 1065.23
970.119 676.041
856.382 816.133
711.077 423.558
920.031 907.934
730.953 883.456
618.97 591.645
1010.38 604.891
656.87 673.158
1078.78 1003.61
605.163 1435.01
835.035 801.891
680.499 680.807
723.236 410.525
727.749 905.717
937.143 743.555
915.567 732.466
793.966 764.176
718.984 953.075
555.674 1136.53
743.788 570.556
594.066 788.993
512.226 892.789
741.32 764.349
706.251 691.34
468.562 969.956
780.762 999.081
668.688 600.165
783.493 1136.3
640.487 776.004
714.598 593.069
838.963 883.585
541.098 920.121
1097.41 649.891
800.235 713.238
932.397 831.197
944.337 958.049
946.228 1034.15
515.009 776.984
718.806 694.802
798.17 817.567
872.497 903.754
1122.25 576.829
729.461 939.218
852.994 795.082
693.364 517.029
743.764 800.547
949.055 439.737
478.211 741.529
1024 916.242
432.638 479.629
650.902 536.884
912.415 675.151
795.384 1053.64
624.409 863.631
761.595 369.777
542.658 465.848
704.07 1131.47
890.559 709.241
738.511 740.659
708.681 856.088
779.135 1042.43
886.23 444.355
906.738 762.473
618.163 827.972
684.4 762.28
690.405 1104.61
763.956 823.942
988.852 1084.07
847.09 931.319
555.953 730.216
1158.78 472.475
745.047 920.844
904.413 477.396
1019.79 814.183
566.082 822.552
619.494 1008.51
688.893 1042.58
1026.33 895.766
998.372 440.398
649.739 598.221
803.557 1248.59
749.915 702.55
1123.53 742.834
665.291 660.099
843.583 880.639
579.127 666.776
836.501 788.802
801.272 1151.71
671.745 774.683
542.561 679.914
811.695 852.073
645.294 937.605
845.413 577.333
872.422 779.187
710.945 482.864
1026.14 824.405
854.283 1045.09
487.485 774.636
686.768 795.121
384.54 733.199
996.915 966.077
514.316 810.721
752.507 946.22
1049.92 746.319
734.124 1002.15
807.827 729.542
922.409 713.538
674.409 601.375
905.319 807.839
333.996 417.489
389.359 1231.81
807.802 965.716
779.884 579.497
559.533 630.78
725.005 694.756
352.331 758.905
796.445 748.273
677.614 925.975
782.843 978.226
1015.27 665.47
684.59 1038.4
965.03 866.82
961.474 946.173
780.676 566.645
870.449 1030.58
902.564 844.831
932.248 695.431
698.498 881.341
985.584 948.9
565.491 907.907
631.227 817.332
905.389 664.488
996.189 665.276
449.607 848.77
821.093 601.52
1101.31 1019.22
790.058 622.597
930.774 1061.67
665.453 815.632
1037.51 410.062
979.725 657.494
737.012 880.431
940.52 838.547
905.203 890.361
401.648 1029.92
933.939 625.48
306.928 558.534
609.546 686.024
775.013 1118.7
714.417 907.36
897.098 592.557
569.034 801.132
471.988 583.991
843.539 586.648
641.2 973.147
562.975 661.895
1133.91 620.879
647.578 890.076
584.15 1048.16
627.143 736.526
727.863 729.249
886.051 890.106
534.089 783.946
631.151 799.686
851.868 765.768
420.592 530.552
582.878 765.402
868.233 829.873
1047.09 982.051
832.596 1085.65
393.25 681.48
738.791 564.902
662.585 1086.74
886.181 940.907
520.165 819.051
807.388 553.664
734.611 1285.57
600.663 965.158
791.546 882.179
618.998 660.155
520.122 954.824
623.309 953.715
952.146 775.557
876.996 606.331
803.471 1213.33
672.596 821.849
711.773 453.944
807.735 616.377
767.701 659.447
702.391 779.566
764.483 897.215
517.774 1230.49
617.29 491.34
976.971 852.335
656.003 721.535
853.973 576.806
764.748 905.386
834.385 901.275
1011.08 525.85
904.049 824.479
810.323 1002.47
568.236 893.368
443.07 726.043
613.629 756.768
845.119 631.901
652.881 920.6
871.71 947.851
859.471 600.265
868.6 738.326
1126.06 1191.03
620.903 854.581
898.587 577.267
997.593 957.14
618.228 840.071
802.887 946.784
818.88 895.217
901.769 829.219
1238.61 967.098
653.705 869.887
606.208 756.107
762.408 623.277
934.606 931.328
873.703 997.76
893.168 774.688
554.736 706.036
768.935 887.886
1031.05 981.447
758.531 955.924
580.117 981.439
638.975 730.53
625.179 723.582
1061.58 896.041
591.657 919.136
640.13 908.966
899.843 945.241
611.842 718.264
836.637 577.763
961.971 975.995
557.841 821.832
931.836 992.449
669.165 712.288
594.304 869.432
629.833 598.82
673.891 759.672
556.205 1127.96
807.915 730.683
830.431 654.637
875.351 820.424
872.627 751.284
937.141 673.224
471.174 518.009
679.73 1029.06
879.58 714.423
469.333 667.046
809.4 701.718
896.346 639.85
847.008 689.398
689.825 799.565
700.094 1031.72
776.669 1004.35
730.965 915.25
828.764 931.58
766.23 721.577
770.859 1029.88
885.968 1106.82
764.884 905.882
536.014 304.44
974.347 1077.15
969.969 1162.19
804.68 726.804
666.864 923.609
496.071 986.743
915.915 890.042
993.693 843.146
599.816 779.607
649.915 751.658
291.36 405.506
756.065 787.551
873.811 687.466
716.925 1009.62
593.441 816.742
582.717 651.897
535.891 1390.99
628.323 784.794
638.5 675.335
795.422 793.263
481.161 1137.84
746.747 961.99
715.746 885.496
906.11 590.403
994.46 1051.6
477.883 950.487
911.962 869.983
975.048 902.118
606.562 778.656
1013.7 1018.29
628.325 701.816
901.591 1253.83
1089.24 668.331
828.635 465.299
759.717 1129.68
896.498 910.823
828.554 671.569
845.734 699.177
821.186 831.934
633.311 424.979
1037.43 793.357
823.24 829.07
885.755 1119.94
638.963 787.023
599.293 892.576
895.942 736.922
713.301 885.949
823.167 736.331
743.206 905.201
474.833 829.733
881.351 678.97
1100.89 860.464
659.639 823.112
1012.53 759.063
257.494 646.415
558.423 591.866
494.706 747.791
667.88 587.085
569.01 892.056
613.777 777.992
542.076 714.796
933.015 618.268
968.759 803.706
738.074 906.121
518.51 1189.54
926.483 998.195
1253.09 444.423
709.069 668.681
692.11 530.186
593.112 746.618
508.745 658.397
638.246 906.359
563.114 731.822
600.04 871.754
696.472 835.747
807.621 1248.04
934.902 741.397
640.42 900.533
687.688 461.196
866.818 1049.75
759.257 1113.66
658.623 930.604
655.768 867.181
471.639 672.966
906.343 620.198
649.442 829.14
1491.28 1269.45
1428.39 715.436
1003.77 734.447
1197.18 883.268
1083.16 1314.89
1564.59 1075.96
1491.57 1071.98
923.116 863.279
1152.59 1037.59
1078.8 828.24
1412.88 1134.69
1156.86 1194.33
988.688 842.456
1215.59 903.253
1216.57 718.471
1275.33 1130.67
1384.86 1074.97
1411.35 978.837
1290.99 1043.5
1174.65 1276.21
1596.7 1176.94
1060.81 1063.31
1342.26 982.144
999.71 1281.65
1151.47 914.105
1389.92 1049.44
1125.9 849.318
923.702 809.896
1281.98 834.304
1250.41 839.805
1328.89 1214.03
1321.35 813.002
1080.24 1304.93
1000.37 773.887
1075.75 974.875
1148.06 1080.96
1222.23 957.253
1279.72 1024.55
1168.69 1025.43
1600.01 933.415
811.213 996.518
1634.27 1224.55
1480.86 982.841
1156.91 1290.18
1299.38 827.029
1004.16 825.826
1081.2 1149.93
1327.12 831.533
1592.01 1170.74
1111.34 1027.47
1137.87 758.239
951.533 597.209
1110.81 956.612
1311.98 1072.17
1124.59 1167.99
1593.54 1024.43
1029.75 803.389
1758.02 1184.75
1299.32 966.521
1508.95 685.637
1219.45 1074.92
1039.6 1221.63
1159.05 1167.43
1214.01 1066.83
1307.99 851.097
1333.53 1271.91
1427.28 1270.9
1301.05 785.958
1376.67 798.879
1265.05 1045.57
1371.19 1150.45
1194.82 994.266
1339.76 1048.4
1113.09 723.674
1477.89 1007.27
1354.1 1237.16
1464.17 1053.86
1164.18 994.994
892.183 1150.24
1068.45 1175.99
1166.68 913.431
1209.63 1147.57
1374.42 1123.76
1165.95 858.479
1464.27 1323.49
1366.18 1316.11
1561.92 1000.24
1420.23 998.917
1205.18 794.002
1543.84 940.443
1358.89 1157.09
1133.07 1056.46
1550.78 1460.75
1061.65 839.096
1201.48 957.512
1187.35 761.847
1411.39 1064.06
1169.4 1231.49
1275.67 1111.86
1083.97 1059.13
1343.78 946.06
1007.04 1183.46
1008.33 848.572
1562.59 640.734
1229.64 880.636
1000.39 895.821
1210.03 1001.18
1075.95 890.624
1308.15 1099.05
1254.38 1035.23
1801.1 1353.9
1216.82 1204.79
1281.65 1138.8
1251.5 1145.57
966.453 938.108
1321.95 936.261
1408.14 913.866
1470.53 1127.54
1616.69 1094.43
1265.39 1115.57
1400.7 751.985
1217.69 1071.11
1212.17 1118.16
1305.84 1168.49
1352.43 812.293
1374.94 870.649
1386.32 932.901
1501.76 1245.96
1167.4 886.898
1341.99 1122.19
1315.15 1032.91
1498.44 1033.45
1593.8 714.614
1315.27 956.749
909.533 891.571
1105.41 1016.66
1224.61 1017.26
1444.44 733.647
919.456 979.292
1411.61 739.18
1533.97 1103.52
1035.83 785.402
1195.29 1201.12
1336.34 1007.62
1284.95 901.901
895.034 1019.69
1460.33 1084.99
1350.47 1416.59
1410.73 971.137
1476.23 842.02
1265.54 1078.24
1377.45 832.006
1284.65 1061.87
1559.89 772.29
1744.74 769.145
1420.72 1189.99
940.611 1024.09
839.382 828.652
1371.03 1190.65
1068.56 939.317
1133.63 1280.61
1183.82 1272.68
1307.92 948.815
1262.77 990.093
1323.78 1018.21
855.961 711.539
1210.33 1011.98
1141.23 1462.78
1263.48 922.517
1670.26 960.385
1312.1 1156.54
1264.25 427.1
1502.49 1017.78
1057.51 844.992
1102.46 867.197
1571.59 1053.32
1162.16 1154.06
1234.97 913.598
1552.94 770.281
1130.88 796.727
917.95 1188.08
1127.11 1027.67
1530.4 950.642
1187.63 1016.07
1502.18 597.813
1564.46 742.119
999.722 1129.14
1076.54 1211.66
929.205 1027.58
1209.11 660.936
1304.88 1001.29
1508.88 1211.19
1135.51 1139.91
1156.79 912.088
942.803 790.13
1258.7 904.171
1172.9 832.426
1182.07 887.51
1419.08 1107.77
1251.23 1199.73
1340.17 901.475
1484.02 768.307
1083.04 1204.66
1406.78 1384.25
1254.95 1193.31
1257.53 741.659
1664.85 880.03
1022.62 776.595
1245.27 1151.51
1367.14 763.376
1470.61 951.008
1317.81 714.978
1012.13 1002.81
1135.53 702.383
911.09 1106.65
1373.27 871.028
1454.13 1109.95
1101.06 787.543
1452.59 870.879
1126.33 1240.25
1307.73 923.681
906.622 1134.63
1148.91 1002.94
1613.46 689.92
1594.25 408.516
884.342 1167.34
1334.93 645.399
1415.91 930.284
1330.8 915.703
1575.21 1020.18
1080.85 1308.37
1308.63 1077.21
1475.67 952.555
1231.19 1064.58
1135.84 1305.45
1375.92 905.584
1386.83 700.646
1284.65 1082.99
1275.56 1185.77
1494.08 882.633
1168.62 974.102
1178.93 1341.45
1350.09 969.919
1262.64 992.453
1014.02 923.131
1263.64 1265.87
1319.44 1301.11
1416.99 1061.19
1649.9 919.052
1286.03 1089.53
1260.56 1043.55
1395.65 1044.36
1069.9 971.117
1295.26 585.034
1118.22 784.864
1300.59 994.853
1015.84 1175.28
1386.33 1239.59
1387.95 820.49
1637.48 855.267
1027.41 1214.47
1287.41 768.937
1573.96 722.606
1124.02 1070.92
1247.26 1224.04
1450.13 1173.96
1244.99 1029.37
1235.71 808.972
1165.51 923.981
1388.54 959.552
1177.11 1043.8
1326.17 928.355
1529.63 1053.2
1082.71 1119.32
1302.64 1271.25
1170.28 1152.79
1061.09 1087.15
1104.74 952.157
1312.17 1142.71
1552.6 870.153
1391.49 1278.91
1040 1162.14
1286.83 735.734
900.624 964.256
1356.48 1099.29
1463.74 984.694
1351.68 974.085
1297.79 804.761
1280.73 969.669
1254.19 1044.28
1470.13 883.178
1197.31 1221.02
1184.79 1003.3
1347.76 1042.97
1262.13 1280.59
1257.17 884.94
1514.08 1212.18
1211.08 778.287
1386.37 801.249
1443.04 920.878
1253.48 765.077
1170.91 682.209
1525.7 1246.65
1285.37 813.085
1435.62 836.086
1267.57 734.965
1242.17 717.266
1611.77 796.576
1550.14 1308.2
1126.63 1043.88
1359 1189.79
1234.22 878.334
1017.49 1104.05
756.569 771.379
1306.79 1331.32
1666.18 692.931
1054.57 1029.88
1121.37 820.88
724.676 990.161
1014.6 970.067
942.036 890.621
1564.68 1364.52
981.128 1191.21
1155.32 777.757
1375.18 971.557
1259.15 987.73
1278.09 1060.85
1386.55 921.064
757.821 1144.64
1203.58 834.5
1271.55 1063.75
1138.55 870.407
1614.71 824.093
1481.55 1085.67
1178.84 962.822
1297.07 894.422
1203.63 1004.2
1245.07 642.849
1558.27 1238.87
1448.92 1026.44
1033.71 1101.68
1292.74 1191.47
1429.62 946.359
1180.8 923.909
1354.67 1076.51
1399.04 1491.11
1261.55 1000.9
1213.82 657.487
1410.11 622.622
1113.71 940.042
1150.62 898.779
1191.54 1103.5
1498.94 1330.35
1353.18 924.747
1359.78 1047.37
1384.05 962.697
1357.18 1097.69
1171.75 1044.5
1589.13 491.246
1191.05 884.011
1178.82 1106.7
1130.6 1089.76
1122.36 880.745
1327.91 1087.83
1100.97 838.603
1396.46 799.629
1563.81 1212.54
1098.12 836.286
1078.01 974.17
1058.42 991.847
1381.2 466.788
1198.33 786.501
1222.37 905.703
1456.26 969.705
1283.37 1185.47
1366.78 1013.01
1325.84 758.922
1436.24 986.166
1505.75 1005.9
1297.54 1221.11
1142.22 847.526
1340.24 788.66
1317.59 1087.91
1288.67 885.913
876.665 1062.88
1126.12 848.508
1574.2 914.242
1244.61 929.694
1148.38 803.483
1239.81 877.983
1287.76 790.203
1150.55 883.918
1153.44 839.646
1008.01 1092
1191.49 888.124
1257.93 972.086
1257.02 1036.58
1090.85 996.877
1282.18 880.586
1239.11 1138.42
1398.81 870.248
1400.26 1145.64
1098.42 850.305
1166.76 701.216
944.955 1091.27
1306.63 1208.56
1119.8 858.71
1059.45 992.867
1273.41 1233.4
1348.77 1018.08
1419.02 1015.41
896.564 1386.07
1556.19 887.436
1315.67 786.453
972.511 834.355
773.262 759.063
939.553 1103.73
1424.4 1043.34
1169.82 909.439
1561.86 823.78
979.797 1033.95
1210.3 1088.19
1249.42 1042.99
1484.76 862.129
1251.6 1243.68
1372.58 858.522
1243.06 909.353
1172.67 913.191
1197.5 995.945
1229.23 1263.47
1524.19 1188.18
1439.49 1183.94
1357.23 838
1212.29 1348.51
1630.46 1140.33
1686.05 1058.45
1154.56 1123.37
1048.87 1033.56
1113.5 739.007
1337.81 839.812
1278.99 805.572
1548.26 1062.52
1299.24 1089.36
1687.67 895.09
1286.29 831.69
1580.2 958.579
1138.6 814.49
1197.45 923.986
1458.27 921.696
1184.13 835.726
1483.71 901.655
1099.25 561.805
973.299 798.62
1164.44 1398.28
1054.98 811.441
1391.21 766.766
1254.85 1310.25
1144.56 1009.95
1414.67 894.692
1107.84 1000.93
1340.21 774.822
877.926 929.763
1411.58 1009.73
1279.12 1193.09
1201.56 1087.71
858.767 988.979
1239.33 1189.49
1147.48 1272.13
1583.49 1292.44
1461.93 1165.21
1480.16 1426.19
1263.57 1343
1362.58 807.481
1323.37 754.765
1380.88 667.946
1265.75 1037.51
1252.36 596.975
1352.24 1034.54
1292.12 861.528
1180.66 868.432
1645.01 1293.44
1515.98 1184.26
1497.61 1030.04
1389.66 1024.2
1400.66 1018.37
1525.21 939.862
925.962 1028.85
1001 1183.79
1107.83 793.174
1375.68 1004.7
1148.95 1055.13
1232.95 748.062
1383.45 1452.26
1338.75 1203.83
1287.54 839.386
1520.23 1076.59
1252.65 1102.98
1417.81 729.668
1317.66 993.585
807.756 1294.35
1566.82 927.533
1159.76 1241.24
1384.72 968.097
1305.99 914.682
1394.54 1206.73
1096.36 887.148
1053.01 788.009
1038.49 879.598
1397.6 641.23
1176.19 989.071
1141.95 1089.46
1320.99 845.383
1419.73 556.82
1610.8 894.128
1203.74 966.768
1399.06 832.159
1045.18 962.88
1319.97 1091.25
1531.64 1025.06
1205.7 904.655
1505.52 852.833
1253.53 1007.11
1429.54 1144.91
1162.73 1115.78
1575.05 803.802
1298.34 652.541
1498.11 859.546
1537.3 1091.69
1149.46 779.401
1108.85 1291.54
788.789 1441.42
1418.31 726.808
1228.59 931.118
1235.24 887.039
1477.32 1047.71
1159.95 1123.04
1066.21 1071.94
1662.72 626.844
1308.97 835.819
1018.49 513.041
1401.35 999.574
1327.27 772.741
1375.29 1438.98
1203.35 973.571
1410.82 1200.92
1314.41 962.708
1335.5 1226.9
1412.02 829.858
1212.16 1151.65
1365.23 1055.61
1284.25 1206.23
1079.19 678.963
1025.86 1033.64
1204.31 886.518
1402.5 825.267
1076.61 1300.12
1373.66 1042.2
954.773 1275.43
821.675 1126.74
1102.33 778.649
1481.87 1315.11
1207.54 1106.47
1161.27 722.828
1331.65 702.902
1274.92 792.807
922.468 1071.59
1390.79 798.935
1442 1153.11
1403.02 949.049
1408.5 1006.51
1545.59 1044.88
1454.83 1039.19
1327.92 832.479
1637.8 798.127
1224.57 1314.6
1310.17 936.277
1680.82 1069.1
1506.93 588.361
1132.16 1020.72
1210.78 760.88
1238.48 804.85
1361.65 1200.64
1517.97 703.195
1381.98 837.794
1502.72 1228.08
1403.55 895.374
1521.57 623.126
1182.32 1093.03
1563.43 1039.93
1313.88 1305.57
1329.45 777.547
915.893 1249.18
1453.22 1085.61
1390.46 1204.8
1291.02 897.449
1200.95 1118.74
1035.49 846.425
1318.38 1245.23
1026.67 824.969
1405.27 1022.24
1499.5 1327.5
1246.75 1165.67
1410.69 797.013
1394.57 773.549
1451.9 977.081
1588.89 859.144
1360.12 1019.51
1008.29 1085.74
1434.14 902.872
1004.66 1170.9
1450.43 828.702
1307.06 846.004
979.413 989.468
1217.39 1093.22
1132.99 889.788
1215.16 1144.42
1419.71 859.585
1291.44 1056.22
1164.61 1246.3
992.959 990.414
1418.55 1041.42
1404.08 1457.71
1215.32 885.708
1356.21 1089.16
1426.69 733.389
1209.7 1067.59
1365.39 1045.51
1337.17 980.314
1150.36 639.267
1337.61 1110.57
1216.91 856.122
1252.13 1088.21
1354.05 1367.68
1257.41 1107.47
1257.26 1075.55
1316.58 1216.8
1197.62 776.957
1515.56 1294.4
1086.12 1070.2
1070.96 925.94
1138.03 927.519
1339.69 1046.35
1315.21 874.416
1433.78 998.197
1498.23 952.791
1461.53 1075.1
923.918 1720.01
1214.53 1132.96
1270.1 807.619
1291.34 874.858
1276.53 1137.87
1194.31 1269.35
1176.57 1016.43
1112.52 933.992
1445.33 927.485
1146.91 1159.84
1109.54 1441.91
1037.63 1197.46
1086.92 1080.94
1681.96 1200.51
1171.9 905.186
1332.2 935.015
1388.62 1041.22
1358.85 824.553
1414.67 637.355
1409.73 1171.82
892.51 992.643
1564.96 1130.38
1086.94 811.053
1089.02 654.282
1136.37 823.156
1372.69 1105.17
1138.88 837.196
1238.56 998.085
1265.42 1115.51
1284.55 833.48
1392.55 1238.64
775.679 678.147
1027.71 973.678
1836.2 811.797
1398 1191.81
1506.91 1129.44
1182.7 1022.95
1175.31 1250.77
1409.98 898.934
1426.84 900.817
1493.4 1274.11
1246.96 1399.54
1335.94 969.809
1578.94 798.532
1275.94 1120.25
1445.3 1245.83
1097.23 1223.06
1316.01 873.245
1711.74 883.517
1435.01 985.103
1317.09 910.575
1440.35 1096.89
1126.88 888.986
1260.84 1263.33
1387.5 1189.58
1252.31 669.698
1581.89 977.799
1267.46 1178.66
1167.39 1057.54
1602.69 927.991
1340.49 1013.23
1389.84 1034.94
1102.77 903.388
1209.14 1177.46
1707.33 916.353
1157.32 1008.23
1585.91 726.405
1589.36 1146.88
1272.85 973.276
1239.65 1310.84
1115.99 781.688
1205.68 988.058
1022.54 814.48
1266.51 998.526
1427.21 1043.28
1468 961.74
1409.41 1303.55
805.015 1194.98
1047.71 1176.11
1314.36 1138.33
993.229 1402.34
1171.75 1204.85
1532.23 1119.5
1589.67 1164.56
1188.95 799.481
1463.33 956.92
1399.9 1214.95
1140.87 912.93
1434.21 1009.07
1458.76 1120.38
1452.27 483.165
1407.24 1198.43
1309.38 870.793
1199.1 1258.63
925.41 785.558
1406.93 1053.06
1312.22 649.843
1591.72 1164.16
976.187 837.448
1420.14 1090.51
1332.65 879.887
1093.03 1235.22
1229.88 744.891
1254.57 1003.66
1225.85 952.981
1589.87 1049.5
1327.35 1116.05
1063.35 557.268
1561.77 1165.3
1383.52 800.957
1219.18 1150.71
1044.2 1136.16
1410.73 1012.09
1277.58 1149.25
1179.1 843.501
1214.29 1316.38
1457.47 1075.15
1142.78 878.05
1164.79 1118.48
1078.93 785.658
1460.39 1021.96
1331.22 840.252
1287.03 1309.54
1461.38 665.381
1641.39 1101.64
1385.01 790.091
1280.3 981.355
1234.3 973.87
1068.52 1428.89
1449.8 795.479
1614.87 1049.2
1374.25 1048.74
1347.22 959.137
1329.19 1268.16
1409.46 1214.73
1346.15 881.444
1230.03 1013.16
1283 1021.19
1201.64 934.84
1204.77 1007.96
1684.78 956.446
1325.16 635.153
1251.56 1005.38
1475.9 735.951
1297 1035.47
1599.79 957.45
923.062 1121.7
979.107 1162.2
1473.38 870.645
992.729 763.132
1350.16 1200.8
1128.3 1151.46
1395.89 961.648
1540.1 529.649
1160.96 813.634
1393.76 1071.96
1301.31 958.855
1419.62 1088.45
1690.42 872.519
1278.79 990.416
1232.98 1132.82
1289.05 746.277
1342.48 971.676
1631.09 974.533
1339.9 955.827
1371.14 1047.19
1480.11 954.242
1341.39 1174.49
947.688 904.604
1114.82 1129.07
1321.71 1199.1
1378.73 871.634
799.59 1099.29
1409.61 1049.03
1163.78 785.103
1369.64 467.807
1151.57 1145.02
1112.32 1296.53
1101.9 960.148
1236.26 1099.84
1150.26 1079.59
1128.25 1021.55
1347.44 871.322
1048.51 595.499
1265.15 1044.73
1203.16 785.315
1486.32 664.174
1356.38 787.668
1311.9 1155.58
1280.47 851.816
1342.57 784.706
1240.25 1396.04
1097.23 1000.3
1234.59 834.019
1377.14 1003.25
1051.4 758.272
1308.73 1024.89
1413.31 1176.59
1392.59 1063.41
1106.43 934.361
1081.67 984.007
1754.31 1067.02
1293.07 993.665
1510.31 1053.45
1289.16 868.418
1466.7 762.554
1338.07 961.976
1151.66 1067.11
1458.67 973.371
1236.46 1265.22
1377 1001.5
1417.13 1016.86
1535 1158.5
1049.18 1140.87
1637.38 993.374
1048.96 997.082
1244.05 996.619
1560.55 832.5
1424.83 1030.01
1192.09 904.059
1383.62 949.672
1284.88 964.089
1367.82 490.382
1329.06 1346.1
1327.04 1309.59
1155.23 1007.46
1318.48 1235.4
942.096 1209.14
1415.18 565.397
1170.59 963.727
1488.7 871.324
1439.9 1066.22
1455.24 815.886
1424.75 1199.53
1145.88 1184.72
1196.7 690.993
1264.54 785.362
946.237 1023.89
1014.14 1075.71
1149.6 795.684
1215.29 1130.47
1537.76 860.213
1336.77 648.882
1385.08 629.236
1425.69 713.615
1322.2 812.262
1553.17 945.116
1256.04 624.693
1211.64 898.162
1218.95 918.265
1469.91 993.704
1293.25 951.056
1339.75 998.818
1285.73 1200.94
1387.02 1011.73
1423.13 1230.22
1522.04 775.16
1071.06 627.498
1356.12 658.342
1431.4 1028.22
1697.81 1151.52
1115.58 933.532
907.962 946.579
1122.38 1286.31
1284.6 812.631
1307.12 1143.26
1134.77 1298.97
1395.18 924.614
1265.59 1222.24
1354.67 1275.05
1662.51 888.688
1005.94 937.268
1138.5 1156.75
1336.54 932.066
1324.5 1174.89
1129.79 715.942
1110.29 964.886
1502.03 1061.95
1016.06 468.06
1470.76 840.908
1162.46 980.636
1402.83 1352.41
1222.48 1089.31
1256.92 581.381
1462.46 484.915
1715.5 787.067
1337.76 1109.46
1407.25 935.684
1501.02 1100.24
1106.88 1057.5
1536.32 821.526
1385.8 1078.51
1621.5 1314.01
1016.96 1163.16
1734.72 1260.44
1292.34 743.79
1576.2 908.004
1465.63 984.369
1595.07 1218.12
1352.6 927.035
1316.51 1025.54
774.536 1107.05
1218.79 866.878
1298.18 1038.07
1343.58 1280.44
1032.33 1233.38
1118.61 909.4
1609.11 1235.97
1448.34 1100.71
1276.08 611.265
1190.85 947.856
1326.85 1183.65
966.349 801.827
1167.4 879.177
1597.75 1306.67
1317.63 1414.78
1678.55 1189.22
1435.55 743.535
1303.39 1159.25
1088.93 1230.05
1250.08 699.375
1416.03 1142.18
1350.92 1205.15
1190.93 907.547
1358.19 806.891
1163.17 1131.96
1529.77 1028.34
1086.56 750.281
1027.48 1221.27
1054.58 1090.84
1449.32 1021.16
1465.47 846.071
1227.73 1073.67
1269.31 1142.6
1007.63 1700.77
980.794 1089.92
982.55 1092.33
976.294 735.756
1061.31 954.847
1391.21 1373.12
1358.72 1250.3
1338.79 1144.06
1360.51 951.63
1264.06 1149.6
1435.86 1162.57
1203.3 1012.32
1482.94 866.177
1170.18 1231.53
1719.43 811.467
1591.68 1172.07
1435.15 828.594
1525.33 1019.64
1246.43 945.194
1430.12 1044.02
1597 1744.43
1676.45 1665.72
1285.24 1562.17
1623.45 1711.32
1584.14 1797.18
1882.41 1834.23
1607.86 1662.38
1635.48 2148.49
1479.27 1728.63
1660.03 1359.73
1503.4 1804.71
1682.39 1564.43
1623.59 1599.11
1585.67 1756.13
1672.31 1604.36
1590.02 1738.16
1643.25 1832.55
1862.65 1743.15
1828.32 1814.38
1923.89 1790.08
1975.6 1773.01
1805.89 1945.31
1558.39 1626.89
1637.58 1355.45
1784.09 1731.06
1804.67 2004.27
1718.42 1426.04
1616.56 1630.15
1722.24 1707.54
1752.58 1935
1824.82 1748.78
1572.28 1842.06
1930.88 1907.16
1461.34 1890.96
1405.7 1818.7
1841.23 1282.95
1823.83 1563.64
1864.06 1633.64
1426.91 1735.2
1777.86 1578.32
1910.84 1635.51
1604 2320.41
1950.69 1455.86
1518.65 1703.7
1522.6 1626.92
1791.45 1608.21
1428.23 1623.43
1477.39 1649.39
1873.83 1614.82
1578.4 1666.11
1869.67 1678.81
1662.98 1649.81
1629.06 1972.96
1388.8 1633.64
1454.81 1482.67
1664.85 2165.58
1417.12 1522.47
1365.92 1695.71
1462.96 1457.75
1687.85 1783.31
1898.57 1451.94
1840.03 1810.5
1582.14 1510.14
1432.69 1563.04
1533.16 1608.26
1960.22 1427.73
1776.1 1657.42
1865.12 1649.41
1735.39 1530.1
1814.12 1850.94
1790.26 1776.16
1501.64 1812.75
1590.07 1537.48
1771.2 1667.22
2017.73 1631.65
1762.93 1868.69
2101.21 1834.59
1717.11 1677.32
1646.66 1519.5
1685.34 1821.62
1738.96 1862.4
1672.66 1726.39
1746.77 1781.88
1773.04 1732.48
1660.5 1593.96
2083.06 1491.34
1685.25 1761.51
1655.9 1811.6
1684.58 1868.25
1400.28 1446.41
1677.24 1702.17
1589.03 1690.15
1599.92 1729.09
1714 1696.64
1907.59 1494.17
1762.74 1729.2
1974.77 2023.82
2146.46 1600.21
1936.6 1898.39
1534.76 1894.3
1930.71 1684.93
1605.07 1612.47
1941.61 1989.05
1834.73 1456.25
1529.02 1643.52
1782.2 1449.61
1793.03 1704.42
1557.38 1289.5
1362.55 1947.26
1706.74 1452.62
1350.06 1656.57
1525.95 1293.75
1665.97 1562.94
1727.84 1656.93
1797.86 1817.24
1419.1 1702.78
1769.81 1400.5
1711.44 1370.17
1442.85 1988.95
1809.02 1606.96
1598.72 1861.79
1604.4 1769.41
1616.24 1871.9
1718.03 1657.74
1818.96 1704.37
2114.96 1597.97
1783.05 1522.73
1746.75 1894.94
1745.95 1790.28
1782.05 1566.28
1699.06 1855.22
1444.65 2058.72
1741.19 1730.6
2048.44 1559.54
1961.8 1534.72
1780.9 1448.38
1835.68 1247.37
1658.56 1325.2
1863.21 1628.57
1866.38 1676.67
2073.57 1795.73
1699.76 1425.66
1599.5 1646.32
1590.84 1710.28
1720.8 1718.71
1330.28 1747.67
1649.52 1726.38
1615.27 1732.92
1737.49 1543.45
1420.05 1470.96
1965.6 1885.3
1727.83 1956.45
1430.67 1719.49
1655.1 1852.91
1324.41 1449.54
1606.11 1681.46
1880.82 1397.53
1629.66 2057
1352.86 1612.59
1605.57 1740.71
1668.14 1770.64
1768.58 1519.81
1412.13 1218.82
1681.01 2083.62
1610.5 1818.06
1767.97 1784.18
1532.58 1756.97
1904.63 2096.38
1580.23 1821.94
1568.04 1517.24
1777.08 1681.55
1862.87 1894.84
2042.41 1357.91
1581.19 1868.32
1692.8 1385.57
1939.82 1612.37
1873.96 1872.82
2003.14 1799.08
1839.02 1308.29
1304.95 1775.79
1593.25 1681.98
1586.57 1405.08
1736.33 1664.43
1679.8 1558.05
1738.51 1743.68
1786.98 1981.22
1529.16 1548.31
1573.98 1692.33
1992.53 1656.49
1128.88 1425.52
1621.03 1600.58
2035.16 1590.03
1611.41 1839.75
1939.06 1546.08
1665.21 1931.12
1686.24 1679.64
1812.02 1807.86
1675.43 1623.77
1823.75 1609.07
1749.83 1692.33
2041.25 1559.27
1785.9 2110.84
1666.02 1430.37
1590.6 1547.96
1744.08 1861.47
1726.12 1604.97
1545.65 1787.93
1839.27 1580.48
1344.82 1901.25
1733.23 1630.89
1664.18 1892.12
1675.43 1609.74
1858.48 1427.06
1976.84 1641.21
1655.04 1615.38
1534.38 1741.13
1880.19 1805.62
1723.95 1634.52
1750.68 1504.71
1785.66 1783.53
1800.97 1194.53
1884.87 1958.23
1733.9 1873.61
1488.54 1468.26
1586.01 1620.9
1903.25 1595.47
1872.98 1486.72
1795.43 1287.61
1780.51 1840.38
1953.48 1649.09
1284.9 1824.71
1500.42 1544.08
1615.31 1730.87
1799.78 1582.08
1800.12 2009.7
1899.6 1775.09
1623.04 1875.99
1900.91 1647.57
1934 1341.14
1707.81 1677.3
1948.64 1591.95
1423.62 1862.41
1812.54 1293.44
1750.92 1844.35
1674.82 1409.38
1996.94 1799.41
1614.82 1718.1
1466 1866.9
1681.38 1963.31
1554.79 1591.96
1971.58 1309.51
1673.94 1614.03
1821.19 1703.19
1887.14 1587.45
1848.27 1690.82
2008.11 1279.37
1940.86 1779.1
2004.38 1544.38
1464.67 1386.28
1479.13 1515.23
1634.98 1784.18
1569.57 1658.7
1523.64 1822.72
1608.49 1864.33
1892.13 1746.99
1610.2 1943.13
1553.61 1598.95
1595.63 1818.82
1625.31 1531.23
1895.74 1694.5
1758.88 1561.94
1387.6 1511.18
1825.62 1564.75
1497.73 1500.84
1754.05 1700.33
1724.8 1724.95
1574.59 1561.32
1756.37 1769.45
1708.43 1623.48
1761.18 1683.48
1840.5 1617.39
1800.75 1826.03
1482.42 1889.01
1896.71 1831.27
1780.86 1916.43
1793.02 2019.93
1771.44 1664.9
1627.05 1770.92
1614.84 1527.89
1758.38 1591.48
1672.95 1609.37
1490.58 1693.65
1450.36 1678.55
1657.3 1542.18
1904.47 1696.55
1889.55 1733.92
1437.16 1870.21
1793.56 1627.06
1551.64 1654.24
1742.25 1773.72
1812.81 1678.75
1447.79 1838.29
1797.07 1822.56
1665.1 2035.9
1702.51 2016.87
1311.93 1656.94
1839.97 1889.29
1478.1 1859.88
1670.45 1568.88
1317.48 1531.19
1630.03 1731.43
1743.4 1616.83
1895.32 1669.4
1909.27 1482.35
1720.89 1807.44
1477.25 1661.65
1528.68 1780.85
1862.95 2164.15
1858.69 1570.54
1816.03 1616.39
1508.19 1717.12
1636.33 1862.81
1443.51 1821.92
1804.83 1657.21
1970.34 1786.12
1414.34 1329.26
1740.34 1701.76
1375.36 1610.39
1476.74 1461.73
1674.92 1594.79
1562.81 1810.99
1516.98 2071.12
1577.95 2068.35
1799.46 1526.94
1963.32 1316.19
1865.61 1381.12
2074.21 1767.22
1681.99 1574.71
1704.76 1760.08
1578.96 1745.72
1904.04 1514.46
1749.89 1835.97
1747.24 1627.07
1860.04 1745.5
1540.06 1818.22
1677.37 1705.83
1840.12 1711.8
1687.5 2072.85
1886.6 2033.57
1758.7 1724.88
1769.66 1799.95
1753.51 1451.54
1803.5 1480.33
1655.33 1700.05
1571.35 1539.45
1462.97 1333.76
1348.63 1583.49
1806.34 1611.73
1703.5 1497.51
1927.84 1800.62
1916.41 1314.06
1840.42 1485.96
2011.98 1927.27
1534.85 1652.37
1410.79 1564.34
2107.44 1565.03
1765 1454.35
1524.98 1640.83
1588.63 1656.45
1827.71 1475.8
1720.78 1389.49
1695.78 1601.26
1905.71 1356.27
1893.38 1701.69
1463.85 1603.26
1744.74 1737.99
1731.19 1641.82
1792.87 1659.65
1436.54 1539.1
1487.15 1733.36
1817.14 1560.8
2157.08 1889.7
1657.19 1833.06
1591.85 1863.71
1576.85 1659.58
1708.19 1966.56
1605.24 1956.41
2010.64 1896.73
1624.34 1768.41
1470.47 1688.44
1398.39 1600.94
1344.65 1840.13
1694.21 1798.14
1375.43 1715.4
1726.86 1674.75
1883.59 1822.67
1749.41 1814.01
1497.72 1677.87
1762.98 1683.3
1736.39 1572.68
1825.66 1398.31
1747.73 1464.08
1457.51 1488.88
1736.61 1532.87
1554.88 1612.65
1554.86 1440.98
1705.45 2188.44
1891.91 1878.22
1663.6 1395.6
1509.18 1791.88
1750.85 1628.51
1868.58 1834.47
1768.13 1982.35
1816.88 1666.84
1819.38 1522.43
1839.38 1698.06
1994.66 1990.81
1504.09 1461.41
1789.91 1571.22
1517.82 1804.01
1642.25 1814.38
2062.32 1767.52
1719.42 1835.5
1617.98 2041.78
1859.05 1538.63
1842.1 1847.01
1833.55 1762.01
1958.94 2040.42
1843.77 1832.5
1790.76 1683.31
1574.2 1805.12
2086.93 1421.55
1510.27 1859.47
1479.91 1876.28
1582.47 1528.33
2013.49 1667.69
1546.57 1564.45
1749.64 1263.34
1742.78 1496.47
1791.78 1511.74
1782.14 1821.16
1807.88 1521.7
1970.36 1864.69
1465.05 1761.6
1412.99 1920.97
1870.14 1582.67
1399.04 1900.3
1780.03 1652.18
1390.6 2319.77
1506.73 1702.35
1768.12 1945.59
1742.67 1328.31
1496.66 1693.09
1928.26 1482.67
1463.7 1433.31
1778.58 1706.98
1716.81 1710.59
1901.63 1592.07
1944.18 1974.18
1676.96 1095.07
1614.23 1281.57
1609.16 1839.05
1841.14 1841.09
2013.4 1882.87
1819.72 1546.79
1543.84 1916.06
1930.57 1808.07
1878.69 1686.25
1931.45 1409.01
1786.8 1852.61
1543.92 1830.12
1563.03 1839.05
1695.98 1924.93
1652.5 1772.76
1478.47 1903.59
1674.18 1722.93
1767.05 1551.66
1628.84 1799.2
2020.01 1946.97
1854.24 1580.97
1769.93 1869.11
1762.02 2010.97
1615.67 1910.92
1534.25 1561.14
1582.27 1967.71
1544.82 1429.12
1974.91 1452.75
1600.84 1682.9
1626.87 1793.8
1587.9 1899.02
1925.19 1714.24
1409.87 1947.7
1819.92 1612.47
1639.17 1308.28
1525.88 1398.31
2086.37 1800.42
1349.72 1811.31
2048.93 1511.75
1552.99 1625.45
1836.78 1558.91
1764.34 1457.97
1860.76 1627.77
1608.39 2050.31
1788.65 1733.14
1608.51 1917.38
1871.11 1926.64
1628.83 1559.01
1391.6 1758
1385.94 1756.94
2046.34 1813.42
1901.3 1686.62
1839.56 1785.33
1557.59 1413.67
1616.41 2055.16
1501.33 1433.85
1665.98 1639.12
1842.83 1675.64
1844.72 1737.76
1592.57 1527.12
1797.03 1780.21
1645.23 1699.75
1645.9 1625.19
1467.12 1983.21
1592.48 1259.98
1833.5 1723.77
1562.91 1802.77
1730.62 1542.64
1276.34 1868.32
1547.47 2014.4
1660.53 1947.52
1959.07 1411.16
1686.71 1440
1730.45 1791.96
1773.87 1784.66
1742.21 1589.46
1764.91 1888.64
1799.1 1826.19
1490.62 1727.73
1780.47 1508.07
1924.73 1495.22
1685.1 1454.28
1770.1 1664.29
1601.63 1513.23
1644.05 1748.31
1521.43 1686.6
1389 1629.52
1732.44 1617.34
1941.53 1820.99
2029.05 1704.81
1601.76 1973.86
1827.73 1660.93
1344.21 1896.35
1777.75 1682.96
1674.72 1675.49
1854.87 1621.63
1728.85 1738.84
1681.87 1380.69
1326.85 1519.52
1989.46 1852.06
1642.06 1667.29
1695.08 1879.24
1648.56 1621.9
1581.55 1827.28
1622.04 1629.97
1696.37 1840.69
1853.61 1587.23
1682.82 1582.95
2025.91 1547.78
1672.48 1862.17
1682.68 1666.89
1359.76 1532.44
1840.39 1478.43
1434.88 1876.13
1698.67 1707.17
1643.6 1738.52
1660.12 1830.7
1933.43 1386.6
1832.86 1716.08
1821.93 1603.28
1686.89 1803.28
1383.07 1514.66
1786.63 1716.52
1652.73 1580.71
1742.31 1817.39
1785.84 1796.83
1645.95 1538.51
1410.8 1820.17
1816.89 1830.66
1898.62 1615.74
1768.08 1534
1617.41 1705.61
1646.69 1834.38
1665.06 1595.06
1929.06 1708.04
1427.4 1693.25
1781.8 1517.38
1734.17 1766.32
1774.74 1673.06
1677.57 1443.77
1846.36 1605.35
1787.55 1799.52
1722.4 1626.91
1442.03 1825.25
1693.82 1757.12
1528.07 1643.29
1722.87 1825.86
1773.94 1653.59
1444.45 1343.76
1428.06 1997.44
1557.04 1775.4
1639.95 1794.05
1727.8 1840.18
1494.58 1773.4
1474.59 1374.91
1676.83 1703.59
1485.23 1765.04
2188.05 1536.6
1842.39 1467.41
1611.35 1734.81
1297.91 1838.3
1591.36 2161.06
1876.06 1846.2
1799.12 1848.23
1551.42 1693.1
1829.82 1863.66
1873.98 1707.76
1862.85 1666.25
1821.13 1866.35
1722.19 2144.32
1775.13 1581.49
1743.55 1594.39
1794.63 1501.44
1552.44 2008.02
1871.2 1423.52
2153.54 1906.96
1692.86 1840.71
1848.74 1736.62
1842.55 1738.51
1393.32 1568
1843.08 1549.72
1666.38 1572.01
2073.7 1466.14
1770.72 1580.43
1630.5 1605.75
1892.67 1498.78
1685.22 1595.88
1664.5 1784.28
1842.94 1794.85
2051.75 1790.05
1721.7 1617.33
1717.56 1350.94
1621.22 1472.15
1647.51 1705.99
1714.41 1963.83
1684.96 1814.78
1941.89 1994.41
1723.89 2004.49
1911.1 1995.23
1407.5 1507.44
1749.64 1819.33
1356.65 1658.28
1904.04 1892.71
1470.18 1508.67
1700.65 1716.42
1649.02 1862.32
1460.16 1760.53
1624.93 1603.74
1590.71 1490.29
1934.46 1741.23
1478.12 1919.38
1681.33 1286.65
1723.3 1973.3
1558.23 1435.35
1605.7 1656.47
1609.59 1347.53
1646.35 1607.4
1594.43 1177.41
1658.68 1693.64
1322.64 1790.79
1887.98 1907.47
1752.4 1709.62
1733.86 2177
1903.44 1646.76
1931.88 1765.56
1659.33 1608.15
1921.22 1871.11
1657.42 2002.79
1655.35 2000.22
1827.52 1674.44
1784.47 2009.32
1107.79 1704.38
1746.31 1574.47
1638.47 1565.32
1788.86 1569.98
1907.8 1781.17
1871.86 1920.19
1618.86 1646.42
1687.09 1524.71
1916.51 1897.71
1446.84 1952.34
1732.76 1261.74
1404.36 1598.93
1641.8 1980
1230.88 1914.46
1895.62 1576.14
1856.91 1412.25
1836.62 1723.83
1573.91 1442.26
1802.33 1648.97
1172.1 2054.82
1593.98 1674.95
1458.33 1710.61
1791.44 1833.37
1545.07 1777.63
1628.06 1724.11
1830.11 1978.79
1528.88 1620.65
1625.57 1447.44
1671.71 2008.35
1505.3 2206.01
1768.62 1683.71
1816.45 1872.84
1540.7 1585.7
1587.13 1697.77
1730.88 1693.28
1749.69 2137.11
1744.25 1120.61
1626.66 1827.4
1278.62 1738.88
1742.15 1850.41
1573.13 1872.87
1984.76 1713.89
1917.46 1601.35
1885.55 1554.36
1440.27 1511.99
1685.7 1373.7
1953.89 1689.59
1665.89 1546.38
1178.2 1749.38
1559.81 1656.12
1671.04 1523.06
1718.4 1603.67
1780.46 1742.14
1856.54 1785.48
1830.13 1628.33
1512.81 1815.06
1468.14 1281.94
1711.69 1925.52
1841.52 2029.42
1839.92 1622.37
1733.74 1578.93
2130.05 2164.77
1664.97 1847.79
1723.54 1597.99
1917.66 1710.31
1669.95 1757.56
1683.01 1652.2
1667.99 1662.87
1180.97 1419.91
1768.03 1828.73
1569.03 1926.89
1650.1 1714
1991.36 1525.41
2063.76 1955.33
1490.39 1560.78
1360.09 1818.37
1783.99 1737.92
1659.76 1378.1
1899.48 1827.48
1574.65 1856.09
1684 1536.22
1849.13 1653.97
1658.01 2116.72
1688.92 1770.05
1856.08 2085.66
1674.23 1659.48
1831.75 1535.03
1689.44 1606.52
1581.54 1826.73
1819.73 1807
1581.41 1898.47
1952.85 1948.34
1810.24 1739.85
1531.06 1377.16
1543.46 1560.14
1724.55 1942.93
1817.19 1767.09
1739.41 1632.53
1734.07 1930.16
1806.06 1841.03
1843.06 1722.2
1895.1 1700.34
1423.79 1563.63
1784.76 1817.07
1878.64 1625.49
1585.66 1917.11
1428.13 1607.03
1977.23 2053.04
1993.89 1599.29
1575.42 1800.63
1917.65 1773.47
1557.37 1819.91
1666.52 1414.8
1785.25 1845.83
1809.8 1508.85
2024.37 1935.68
1934.39 1854.75
1452.34 1722.82
1944.29 1676.12
1989.25 1735.93
1889.85 2279.82
1636.14 1837.56
1895.24 1653.05
1705.37 1606.25
2060.45 1412.92
1444.01 1792.41
1642.45 1878.59
1436.83 1685.73
1593.61 1466.08
2013.95 1820.42
1873.85 2009.27
1621.3 1685.94
1801.45 1463.42
1240.76 1875.21
1936.71 1990.64
1985.31 1776.12
1841.77 1627.01
1892.33 1345.42
1596.6 1298.43
1841.04 1736.7
1698.58 1346.26
1882.31 1854.84
1645.9 1325.15
1895.88 1398.17
2029.31 1538.83
1817.2 1871.51
1420.29 1797.17
1659.89 1894.32
1542.28 1654.49
1848.5 1691.77
2033 1801.47
2028.03 1718.07
1687.73 1867.24
1801.47 1887.67
1770.19 1691.8
2222.77 1690.71
1433.71 1969.69
1776.64 1669.28
1701.09 1772.71
1933.71 1746.13
1990.19 1483.43
1673.8 1874.88
1793.07 1848.36
1984.51 1355.13
1345.29 1896.27
1589.18 1703.22
1851.96 1575.64
1481.19 1404.17
1931.3 1771.02
1680.55 1602.5
1594 1864.33
1817.15 1540.3
1985.96 1737.02
1686.51 1617.02
1630.13 1772.97
1625.1 1590.1
1685.43 1684.37
1569.64 1582.44
1514.02 1871
1706.95 1675.84
1710.06 1780.36
1398.41 1528.33
1684.87 1572.08
1737.12 1703.67
1819.16 1775.95
1768.9 1682.68
1536.4 1889.39
1768.16 1399.79
1512.84 1888.99
1527.84 1706.44
1671.21 1659.75
1505.12 1608.94
1802.84 1698.34
1594.41 2069.06
1631.94 1957.66
1585.48 1656.72
1571.79 1900.69
1852.32 1570.73
1878.3 1605.38
1553.81 1788.38
2045.6 1851.74
1895.89 1786.65
1524.31 1719.72
1426.99 2048.56
1785.49 1816.25
1749.84 1452.93
1587.05 1911.06
1617.7 1459.69
2025.04 1462.85
1367.86 1679.43
1568.71 1632.66
1604.73 1825.09
1787.25 1916.63
1540.4 1869.13
1839.66 1515.7
1358 1993.32
1689.81 1694.95
1442.74 1583.27
1715.05 1889.86
1584.46 1437.53
1556.4 1591.78
1495.86 1664.32
1427.78 1503.05
1763.3 2101.02
1733.07 1667
1723.05 1710.96
1910.89 1796.59
1420.4 1678.9
1797.93 1507.54
1703.5 1509.74
1637.87 1572.78
1625.6 1728.76
1555.74 1751.68
1661.92 1797.21
1778.64 1861.51
1257.34 1789.09
1745.34 1522.34
1401.22 1652.29
1506.2 1428.94
2030.85 1738.7
1592.54 1537.17
1916.64 1655.97
1861.36 1533.12
1491.92 1473.58
1376.92 1610.26
1873.48 1765.67
1827.59 1883.67
1805.05 1600
1810.54 1964.63
1752.39 1699.52
1874.66 1665.63
1786.86 1337.78
1717.4 1529.8
1865.56 1813
1614.69 1739.86
1831.7 1665.34
1955.46 1634.43
1649.94 2007.61
1594.87 1929.27
1759.06 1323.21
1699.48 1583.78
1564.58 1928.74
1419.54 1603.65
1232.01 1584.8
1740.57 1538.07
1743.5 1549.66
1497.53 1199.96
1710.34 2095.92
1726.27 1911.2
1385.48 1909.69
1841.91 1526.45
1504.4 1639.93
1781.72 1716.28
1853.65 1714.76
1353.28 1537.57
2184.29 1360.03
1649.8 1324.64
1845.48 2033.29
1592.82 1610.15
1821.16 1703.28
1830.17 1684.36
1995.8 1829.23
1461.02 926.637
1701.07 1628.19
1705.8 1517.5
1749.93 1801.77
1556.74 1917.02
2063.01 1890.73
1589.72 1784.37
1702.01 1737.29
1568.26 1558.77
2011.74 1585.73
1729.45 1744.69
1524.96 1904.03
1685.39 1689.72
1787.42 1350.71
1588.15 1478.64
1692.08 1843.43
1498.77 1773
1775.33 1791.1
2200.2 1824.83
1990.86 1781.01
1850.67 1831.92
1967.54 1773.42
1618.29 1724.93
1636.84 1765.78
2000.42 1930.85
1826.89 1551.14
1569.88 1607.98
1861.77 1736.19
