511.13 397.155
503.643 394.261
483.608 421.127
514.058 364.88
473.104 379.679
473.462 410.34
508.59 406.464
475.284 394.629
490.752 376.208
478.977 398.863
501.552 410.091
517.758 429.831
473.735 407.289
476.914 406.206
527.734 410.335
483.031 415.257
503.362 379.217
468.27 364.3
509.026 402.37
495.217 404.837
507.61 402.832
483.687 394.95
493.841 391.13
482.767 395.422
504.828 440.622
497.7 413.036
524.539 389.836
496.187 379.862
504.585 393.365
490.856 375.962
531.019 420.629
524.155 421.867
467.245 403.823
503.34 403.587
528.612 403.763
502.198 410.397
550.963 390.931
511.724 380.021
507.718 376.845
506.028 410.008
475.316 424.317
508.278 380.748
515.036 377.116
536.066 365.835
516.813 364.652
506.987 405.613
525.627 421.111
508.943 385.359
500.975 391.894
499.889 402.017
506.996 453.938
524.037 440.877
496.633 400.129
497.103 396.926
488.959 397.38
499.029 396.832
504.766 412.987
493.836 383.835
486.906 387.624
492.707 395.696
526.89 394.712
499.455 391.031
468.053 406.554
495.132 378.832
489.727 400.318
506.288 378.209
486.339 422.377
481.404 380.888
506.413 432.014
475.485 414.348
537.249 379.546
514.07 397.291
486.317 378.891
494.536 383.51
527.435 413.636
496.03 396.347
543.631 381.456
516.101 402.099
478.936 419.22
513.303 381.628
512.588 394.988
479.334 386.984
492.223 397.116
475.697 427.391
460.685 403.921
529.014 429.072
484.905 398.472
483.349 410.92
536.708 367.085
502.449 402.303
472.53 404.43
518.728 425.859
484.853 388.428
482.447 385.697
505.691 419.55
513.16 389.273
482.973 398.08
475.098 372.076
501.015 407.125
517.313 419.634
463.337 387.711
487.72 408.786
511.551 426.431
473.106 379.285
496.867 372.826
481.098 427.552
478.146 395.616
537.964 380.232
481.221 385.466
502.945 415.015
548.518 402.496
465.089 422.922
497.203 415.881
529.062 400.145
513.894 420.032
540.562 397.817
475.48 408.64
486.073 396.259
488.167 362.021
488.314 394.989
451.025 399.282
479.735 386.684
514.742 410.313
486.597 389.941
492.52 414.727
492.315 420.099
540.876 390.876
528.555 424.644
489.011 438.621
501.075 421.38
520.121 406.816
512.873 416.932
512.58 380.829
500.628 387.917
509.902 414.701
493.034 376.777
505.007 396.402
505.453 425.362
527.8 403.025
484.632 398.497
532.693 410.101
476.141 427.396
529.203 341.57
505.343 392.586
469.171 392.657
488.207 398.508
478.825 440.939
491.219 414.224
497.055 398.062
491.795 431.499
519.594 391.041
518.431 383.907
489.926 407.713
505.079 386.965
516.325 439.122
489.662 408.337
507.929 436.105
503.809 375.96
483.165 428.219
524.411 399.69
522.222 406.935
516.604 413.413
503.779 392.812
471.533 400.471
473.951 394.572
519.209 407.673
484.576 424.735
512.54 398.181
523.963 407.675
518.878 392.565
512.63 384.589
521.188 437.383
493.399 400.841
509.59 390.143
508.179 418.557
512.306 378.608
530.368 409.394
493.723 401.436
485.81 370.71
493.843 439.923
495.842 424.212
499.159 423.831
521.263 421.197
492.798 420.986
477.296 377.08
495.973 391.251
483.113 378.571
493.232 383.942
482.622 387.645
486.973 402.609
491.148 418.205
494.475 407.371
497.333 383.455
513.266 398.985
510.993 393.439
475.53 387.684
510.189 428.642
517.611 397.778
478.018 369.414
532.102 363.636
496.786 373.663
486.498 410.99
502.701 402.793
492.525 414.826
492.298 370.832
513.397 387.523
449.352 380.989
464.321 398.432
498.581 391.987
479.693 379.722
490.38 395.648
522.816 391.183
493.974 404.931
510.494 413.43
493.359 398.566
513.634 443.307
481.641 401.541
491.663 408.203
506.861 375.507
476.445 434.006
532.004 397.724
525.536 362.378
508.715 396.959
506.895 398.324
503.994 392.912
498.931 386.251
496.517 416.468
498.463 432.506
484.888 384.114
502.615 369.403
489.199 399.194
486.281 415.285
504.79 417.383
462.777 420.686
525.291 399.965
458.233 403.872
506.035 409.152
512.943 400.667
513.571 419.059
495.277 392.3
523.742 405.81
495.418 395.377
493.58 389.198
504.123 394.006
515.753 419.497
506.849 449.501
496.653 386.842
494.465 391.644
486.493 422.127
514.945 405.631
475.676 393.487
521.767 391.07
509.969 397.328
515.012 403.709
470.944 386.69
506.937 431.798
501.803 376.066
512.078 381.065
515.408 390.483
467.452 389.304
495.181 423.929
489.501 382.64
465.053 376.728
487.453 375.219
490.859 428.233
498.866 383.605
512.306 409.782
504.835 405.256
476.786 405.409
514.029 413.548
525.244 399.36
536.657 376.518
516.587 419.586
488.585 410.842
497.015 389.08
492.041 376.086
501.758 388.096
487.835 386.342
495.488 379.959
475.9 400.991
495.728 410.572
505.32 426.186
504.891 376.406
481.113 391.341
477.716 384.726
475.143 351.478
475.294 394.491
491.218 423.21
502.859 428.221
498.316 404.967
483.062 421.062
476.682 406.102
512.889 413.87
510.865 393.63
525.89 418.26
501.501 415.751
502.96 405.064
525.982 386.453
518.121 404.652
512.342 389.391
501.1 399.902
529.603 415.659
517.982 385.43
501.176 416.692
514.578 425.482
542.149 431.705
510.122 388.643
503.363 399.815
481.343 379.398
492.298 396.437
469.996 416.223
501.013 425.261
499.088 390.15
479.542 401.742
469.031 430.688
483.464 404.651
491.42 399.748
501.922 396.7
525.033 405.018
480.423 389.408
519.042 418.326
469.909 382.286
490.867 390.335
514.451 404.268
461.088 398.418
516.325 409.375
493.041 375.548
478.552 420.9
511.105 413.778
490.335 382.167
514.79 423.566
483.524 409.456
502.422 401.153
528.973 405.786
532.414 393.792
533.999 401
513.584 391.898
522.299 398.763
477.279 387.854
464.036 394.925
470.037 401.436
514.895 417.33
512.431 368.483
493.74 378.031
482.087 369.872
517.57 409.401
514.373 392.456
510.36 387.337
488.509 404.923
485.65 402.628
510.623 412.383
517.618 404.19
484.042 413.012
507.505 406.34
483.938 379.025
512.425 384.755
498.16 411.382
511.483 411.764
499.841 424.419
521.376 405.245
440.996 415.005
497.389 447.955
508.983 396.991
475.468 427.665
484.863 356.093
494.943 399.335
473.881 394.375
500.693 391.102
538.282 394.868
491.588 412.32
479.628 412.421
490.376 374.946
508.732 410.341
509.937 377.866
518.393 416.562
481.684 389.521
491.728 389.558
491.494 393.685
496.752 411.171
516.068 370.951
524.986 403.025
494.451 385.628
497.289 418.255
517.541 421.737
458.918 377.773
470.752 369.659
497.66 410.929
457.019 410.876
476.683 406.45
457.341 439.361
516.318 409.144
536.377 412.231
489.899 413.088
511.768 406.97
519.087 397.107
502.771 410.909
504.898 382.158
532.418 369.449
485.185 388.158
536.314 380.461
518.714 391.639
505.918 419.028
488.757 386.113
506.767 377.04
485.945 423.985
462.116 393.466
490.011 361.841
504.374 400.331
529.169 386.89
478.044 410.024
503.365 373.343
485.114 401.468
500.308 392.535
466.185 417.667
509.95 410.809
494.113 380.354
489.567 362.407
452.335 383.743
483.603 400.064
545.77 401.287
470.519 398.537
476.589 408.255
474.195 374.661
524.198 392.241
505.631 379.739
501.8 372.862
505.81 400.271
503.679 413.612
513.683 405.745
489.241 372.929
515.948 400.051
494.572 422.392
519.707 395.538
483.54 414.546
512.605 402.894
520.778 389.108
501.839 430.224
486.912 386.4
512.77 396.449
501.813 394.292
493.945 386.928
497.838 386.895
466.6 405.84
497.763 399.784
487.519 425.311
530.506 393.973
474.019 397.659
518.379 395.453
521.304 382.219
526.541 393.246
512.704 386.839
488.265 393.16
465.9 443.555
512.303 415.574
487.059 418.45
473.711 412.494
496.397 394.244
508.11 386.414
493.846 416.67
517.54 439.552
512.377 402.146
492.145 400.189
517.033 400.057
508.105 396.426
523.322 409.544
498.014 403.083
498.684 441.884
513.311 378.121
489.944 363.039
492.223 384.555
495.347 377.906
529.557 421.663
501.832 381.897
497.314 402.833
502.102 392.794
487.233 392.598
510.382 416.466
510.185 387.577
526.476 406.281
524.93 393.136
511.346 433.137
476.497 403.536
491.633 355.721
526.104 401.234
501.276 403.148
513.102 375.968
502.922 418.677
523.703 421.834
507.665 385.942
544.448 392.743
491.711 393.313
499.91 437.99
497.153 415.431
505.244 409.613
502.418 371.322
509.157 417.809
510.879 362.292
487.563 410.151
478.694 398.7
482.746 406.313
501.077 406.963
487.154 425.959
491.191 388.352
484.203 394.191
488.272 386.658
499.508 405.785
464.075 414.252
520.448 406.02
494.703 413.508
515.007 387.327
502.001 406.237
490.8 387.977
531.331 406.833
514.177 402.793
500.456 426.161
513.969 389.42
501.843 383.212
530.179 385.615
478.661 423.155
475.329 413.85
492.158 428.162
474.227 400.034
481.03 382.269
475.921 419.279
512.035 375.316
502.247 361.451
526.82 403.541
497.748 397.29
522.36 402.66
526.136 434.336
478.295 395.841
491.329 438.028
498.759 438.503
506.784 401.662
510.923 363.261
510.194 394.558
495.68 395.624
491.781 408.177
504.15 426.362
520.663 420.713
506.13 376.201
481.178 395.771
488.587 391.907
487.422 423.281
488.367 407.163
482.078 427.611
498.162 400.391
507.788 401.7
504.726 418.447
482.704 400.314
481.638 396.789
512.029 373.528
516.381 373.071
464.446 432.804
510.311 400.342
492.767 402.137
494.758 414.396
550.02 394.773
478.094 423.143
502.975 410.833
485.77 418.204
478.936 372.006
509.151 395.807
512.857 412.808
498.233 367.619
496.176 406.873
509.955 362.612
517.131 368.109
523.741 400.998
484.21 393.611
476.109 384.095
507.914 388.961
504.667 399.595
469.355 357.233
495.199 404.405
527.656 428.945
495.691 429.867
485.863 425.31
498.385 391.331
486.424 406.502
497.823 378.082
501.208 391.379
513.57 388.556
496.453 393.789
507.758 398.71
483.933 367.562
533.587 422.142
492.509 374.126
501.5 375.272
526.652 405.299
472.969 390.898
501.842 387.944
528.77 392.518
501.372 428.786
505.451 389.89
504.533 403.31
495.529 418.232
503.864 361.581
517.119 409.101
484.365 394.956
531.571 367.554
503.499 388.295
502.957 414.862
503.326 422.976
498.137 389.765
512.231 424.39
496.719 408.173
524.989 423.394
504.136 404.908
491.436 376.071
491.461 389.173
482.359 391.42
534.336 409.617
475.484 387.416
507.977 394.996
497.898 407.41
476.66 409.947
493.265 387.229
514.267 409.835
499.174 423.874
502.628 403.848
497.91 387.939
488.534 346.806
463.754 383.64
510.527 400.428
521.635 404.085
465.928 423.954
452.347 399.218
473.754 399.289
513.984 403.46
476.9 392.786
517.097 399.404
519.061 381.303
506.122 420.895
488.432 408.128
528.533 416.662
497.933 403.389
490.056 402.934
512.534 405.708
496.112 378.261
505.223 397.717
532.302 393.055
492.922 396.479
458.747 402.397
504.417 370.275
495.396 432.489
483.395 388.537
480.464 391.771
484.088 415.918
510.689 425.974
496.691 402.494
490.816 408.831
502.839 391.639
486.443 412.472
485.164 400.506
508.501 394.824
494.695 386.347
476.599 401.194
499.037 414.904
515.83 389.043
488.876 404.786
502.635 400.902
487.672 357.736
496.847 382.419
521.739 392.578
501.939 365.013
507.885 397.807
488.931 398.012
516.04 409.571
500.67 408.667
483.939 403.588
518.618 413.359
506.261 418.854
508.09 382.243
510.243 401.677
507.413 390.385
494.944 414.944
521.682 371.151
490.078 406.211
480.904 401.789
497.133 425.849
500.357 395.702
518.127 432.114
500.346 429.511
511.834 407.333
514.892 426.594
500.562 389.92
450.227 411.598
498.267 418.307
535.217 391.273
503.566 385.486
480.199 386.366
489.979 394.746
497.766 383.264
468.83 414.843
502.727 387.382
513.291 403.84
484.185 405.379
476.991 406.113
510.242 411.31
498.093 444.6
506.683 381.162
510.353 383.272
480.193 402.416
522.424 407.572
487.98 408.793
502.714 397.95
505.32 388.07
510.911 385.185
547.351 380.349
481.82 393.881
512.027 388.166
470.091 402.373
464.923 372.706
483.295 400.112
453.775 397.575
506.712 391.917
505.411 385.772
493.041 419.112
503.299 397.401
523.414 376.55
526.015 394.36
506.942 403.438
542.775 411.148
493.361 403.896
499.747 411.093
529.179 399.636
487.593 381.017
495.032 373.403
524.975 397.036
512.674 378.761
501.073 401.387
531.333 406.64
488.845 427.71
525.663 404.25
506.494 411.508
477.286 417.184
500.03 394.205
491.232 411.486
493.029 398.038
504.894 413.27
491.089 391.588
512.772 375.958
521.567 429.539
496.278 412.836
504.064 384.645
504.93 394.403
486.335 437.986
482.092 404.746
517.854 428.87
530.913 382.034
483.861 422.689
513.031 447.721
517.502 399.164
491.867 441.544
516.294 375.633
524.617 398.259
486.187 370.793
453.04 394.557
506.973 408.834
506.186 367.466
508.537 426.97
491.232 406.64
522.376 406.479
480.539 381.186
506.378 426.909
529.938 357.999
497.614 356.966
491.911 368.424
515.937 375.768
506.403 405.106
508.779 431.885
492.429 399.636
473.131 376.752
523.107 393.967
518.721 396.055
513.075 396.93
529.938 413.903
510.737 395.731
520.949 373.728
480.329 391.324
481.083 411.039
478.597 409.499
511.656 371.632
498.202 397.17
500.251 353.763
488.42 426.988
529.361 390.569
496.237 398.678
503.299 388.099
484.301 390.647
531.262 427.01
487.867 383.771
513.243 389.131
499.407 412.038
464.383 422.171
479.124 402.263
478.417 405.739
487.437 401.391
498.489 415.201
486.397 415.474
503.073 441.474
509.165 402.549
484.608 426.234
525.936 404.307
502.318 392.979
490.302 418.969
506.475 416.864
507.518 395.222
514.895 408.398
525.005 414.404
498.601 383.222
506.304 392.374
504.779 416.954
486.785 421.122
516.414 400.907
493.532 394.613
487.691 395.589
502.444 391.925
502.936 401.886
495.501 421.541
488.087 392.209
505.095 378.89
503.511 383.663
514.453 431.923
500.078 405.858
493.662 401.263
481.511 400.897
531.676 374.898
517.224 395.237
490.847 398.908
512.77 395.986
507.843 401.873
495.378 384.026
479.099 403.195
492.622 367.485
477.534 409.957
509.22 402.53
532.115 385.253
491.245 375.066
527.407 404.153
503.477 373.169
506.74 399.839
493.716 386.359
471.635 420.191
490.681 414.1
528.489 407.484
529.331 375.285
536.295 402.034
480.806 408.007
469.329 410.279
511.457 404.449
494.205 394.609
507.876 403.345
504.623 355.285
538.785 362.716
489.025 405.206
515.694 408.929
479.091 391.491
477.822 422.229
498.403 350.723
465.613 425.69
482.72 380.636
513.298 375.927
497.996 400.568
508.934 378.981
511.252 390.79
512.795 400.376
489.455 386.829
488.25 405.65
498.995 402.145
495.49 425.017
488.918 402.396
498.748 384.048
544.509 426.111
513.41 422.961
514.856 409.618
492.017 397.41
498.401 423.679
490.585 407.385
489.172 405.015
534.776 379.46
472.013 409.352
489.402 411.105
510.466 417.933
478.721 424.654
475.4 396.788
501.771 392.436
527.147 399.214
485.784 405.12
508.957 420.946
520.11 413.848
509.047 405.712
498.585 373.252
507.347 399.124
487.85 421.53
491.943 411.564
492.755 401.125
520.017 383.233
478.874 381.843
513.107 377.869
500.193 387.599
508.933 381.82
504.996 410.218
483.528 401.567
494.236 371.316
490.661 384.635
515.148 398.929
496.273 420.908
504.308 410.389
500.493 418.535
497.001 370.993
517.605 391.387
523.697 371.177
470.205 405.007
508.741 412.575
493.958 384.574
494.043 416.724
486.03 406.596
483.245 405.697
529.639 401.275
503.146 402.09
482.847 399.941
470.695 402.219
485.531 413.352
483.05 388.332
501.421 394.471
508.787 404.65
492.458 397.115
518.14 400.662
482.73 371.938
510.62 402.172
504.977 402.891
513.542 402.302
509.01 420.761
495.199 398.819
520.625 412.538
512.029 412.18
539.544 369.279
525.485 386.928
472.48 414.495
509.094 407.357
502.093 413.536
504.555 416.769
495.897 424.545
492.664 391.173
523.444 379.156
464.117 387.731
482.743 417.626
512.099 381.189
485.548 416.033
490.959 407.162
521.158 412.006
468.965 404.323
478.066 386.82
521.969 397.356
467.82 374.04
506.032 401.288
509.871 381.291
529.505 421.812
489.893 401.056
474.227 394.727
515.745 403.77
485.981 412.341
502.998 404.355
522.67 406.511
516.354 408.495
521.561 396.852
496.627 385.135
515.742 382.866
463.297 404.9
467.101 381.514
537.039 442.312
505.592 397.878
517.306 355.202
503.469 363.767
470.764 415.632
501.194 374.335
490.211 423.084
512.709 365.356
485.19 405.169
461.933 400.81
493.236 389.782
491.445 368.926
520.456 387.683
495.014 393.201
485.656 384.49
480.99 395.505
511.532 365.479
533.139 387.174
505.233 393.306
500.542 390.692
486.107 391.499
495.671 397.299
535.831 413.943
491.181 367.921
499.884 400.417
514.929 432.921
491.924 394.09
501.609 419.06
824.646 886.807
795.275 877.14
794.052 927.521
792.55 882.107
823.801 887.197
806.311 885.922
833.01 898.907
790.044 912.224
792.693 905.67
776.359 895.251
776.559 915.047
806.059 895.668
810.824 925.347
801.202 900.371
802.452 855.541
771.209 912.452
791.466 894.205
778.733 896.236
829.088 914.13
792.151 919.42
832.939 919.979
784.202 873.316
806.675 891.51
794.913 919.023
829.839 898.809
793.799 890.469
798.891 922.234
805.484 873.034
775.405 910.446
787.71 895.012
812.582 902.63
789.831 883.101
807.166 901.497
792.737 907.14
794.525 901.018
828.569 898.892
788.18 898.415
806.677 908.337
807.654 897.993
802.284 893.654
795.951 882.68
812.072 898.188
797.787 884.679
778.889 890.133
800.708 879.524
809.691 903.429
794.435 917.928
765.877 869.854
824.806 844.399
790.093 914.271
791.62 873.841
805 900.63
797.854 897.707
810.057 885.333
807.205 906.627
794.578 928.691
830.327 916.878
807.271 897.114
818.416 904.333
792.398 947.452
793.078 872.092
825.12 914.262
801.492 927.297
793.132 900.274
799.414 879.475
796.801 925.882
824.289 907.617
811.812 874.956
857.878 884.568
818.701 888.5
800.917 889.205
797.752 866.909
784.567 925.734
810.36 878.166
783.567 908.448
813.733 843.611
806.847 907.978
786.542 902.921
816.484 879.522
793.853 894.104
803.466 898.328
781.067 888.819
820.351 901.596
789.762 912.658
799.671 919.411
803.883 911.952
813.518 860.804
792.01 912.353
791.254 893.599
794.246 909.818
802.319 906.97
789.266 862.785
822.099 905.51
789.518 907.282
807.773 898.06
821.584 912.832
821.268 902.272
789.21 861.009
800.341 903.574
807.769 870.055
810.007 918.856
793.904 880.301
780.887 874.884
790.284 882.835
778.174 915.466
767.588 909.276
756.918 884.521
792.085 916.829
828.175 891.504
798.535 887.704
809.551 905.498
798.089 905.975
799.382 914.866
793.024 901.261
815.259 906.164
820.652 873.662
809.613 916.294
749.615 918.198
801.335 878.178
807.891 872.131
824.118 906.653
794.461 903.217
762.703 893.414
806.709 897.879
799.169 892.186
778.191 921.758
791.149 919.951
822.096 897.433
801.227 926.368
805.66 920.955
805.954 879.68
777.829 888.443
813.526 890.481
781.718 891.947
813.945 889.303
788.732 884.41
807.513 887.279
787.596 900.981
781.861 903.737
808.403 895.606
807.67 877.71
805.717 923.716
783.675 886.685
819.46 885.663
843.04 921.405
804.808 892.584
808.776 922.756
815.405 879.733
780.595 895.647
799.999 858.872
799.935 903.461
801.422 892.964
809.615 907.826
801.451 917.757
820.573 904.515
812.483 913.984
758.154 885.716
801.859 910.582
765.387 899.748
798.729 868.404
811.905 904.609
787.732 926.808
797.418 908.042
806.144 914.416
810.923 939.955
815.345 883.904
811.823 876.387
814.888 926.374
825.133 883.275
831.206 853.88
808.469 880.862
829.157 902.997
808.71 921.497
806.143 919.761
799.763 891.108
805.127 887.656
800.702 920.627
806.764 920.243
781.179 859.421
809.719 897.929
780.85 934.969
787.692 917.375
861.626 891.76
806.188 873.043
771.116 927.362
789.391 889.06
794.569 905.292
795.528 904.928
783.533 904.492
788.217 900.59
809.283 894.651
802.15 884.612
805.275 871.059
831.513 886.397
800.675 867.055
791.765 881.244
806.007 896.808
782.619 908.297
792.748 892.087
816.075 905.771
776.236 856.675
781.004 897.53
805.537 873.554
815.384 924.52
818.513 924.577
809.24 908.501
808.638 890.777
792.534 889.074
797.83 867.096
817.646 906.44
787.639 865.774
781.864 928.306
809.544 875.444
814.012 913.109
822.195 912.452
788.03 910.361
788.033 894.502
766.615 896.152
817.93 887.783
785.502 898.872
817.029 894.402
803.476 894.73
759.494 923.015
795.499 876.604
808.422 911.964
780.847 875.595
803.268 901.994
771.93 890.175
794.836 925.313
852.891 907.907
776.519 911.251
804.887 896.329
788.384 921.936
801.216 882.189
797.963 881.356
806.616 927.409
796.275 911.276
796.726 906.404
838.944 885.483
776.759 903.561
776.599 927.477
779.453 883.601
786.769 898.873
778.883 917.171
751.008 908.827
815.77 872.603
812.67 925.25
803.099 908.638
837.821 886.992
818.671 916.9
803.62 884.545
789.712 893.039
775.658 883.614
787.02 876.957
814.513 868.289
813.707 865.74
788.928 904.396
816.472 927.829
801.507 893.768
807.11 911.248
801.857 902.421
788.429 872.617
820.883 900.297
812.149 871.15
811.612 895.56
798.23 911.882
790.829 893.828
787.325 891.99
824.836 899.612
797.252 885.226
801.952 882.992
813.565 902.882
828.537 920.39
814.334 882.395
813.398 915.584
772.677 881.778
802.043 907.046
822.62 904.104
785.035 919.443
814.454 899.865
790.118 873.733
827.075 912.029
806.694 905.188
790.36 903.976
771.216 901.536
818.746 900.751
821.988 891.523
788.572 911.938
808.154 912.386
789.677 911.75
778.309 887.664
793.78 888.707
765.532 940.888
789.611 904.177
806.841 888.142
784.399 881.32
792.243 896.45
752.4 902.611
821.64 892.22
818.266 925.281
775.877 880.837
829.257 901.183
816.364 902.085
787.069 890.456
808.121 891.22
804.052 935.523
795.426 895.459
760.61 902
817.933 905.328
773.819 904.802
815.096 880.323
818.445 886.387
794.77 914.165
787.83 913.095
818.873 904.756
758.683 883.843
790.238 925.895
792.02 896.974
821.654 909.928
830.445 878.276
809.822 891.144
848.94 913.28
795.601 886.716
802.568 898.799
789.964 917.419
801.469 880.283
783.845 914.54
779.175 902.433
765.801 902.45
837.646 887.685
794.055 900.329
765.878 912.9
800.377 898.007
790.572 912.07
791.114 924.001
798.696 885.693
793.575 889.927
821.612 869.104
780.877 919.209
792.174 916.478
813.31 889.489
810.887 935.132
782.814 888.312
792.723 920.113
822.704 902.262
822.015 891.398
797.538 887.719
783.599 918.112
794.413 909.257
793.16 891.513
794.76 864.553
816.623 891.58
803.848 908.363
800.857 882.297
766.523 857.325
790.554 891.764
798.035 902.647
808.963 910.585
817.669 918.2
827.121 886.605
794.237 903.753
812.221 894.427
817.559 902.35
783.789 909.821
804.113 863.345
803.094 899.065
826.942 883.733
816.96 878.816
801.199 874.684
823.13 884.544
797.698 862.267
818.484 923.477
826.145 910.485
791.641 888.514
812.608 877.571
787.285 865.385
799.98 902.964
811.87 870.248
812.855 889.368
805.838 893.605
799.118 884.97
818.865 884.565
801.189 905.427
803.727 900.396
792.291 872.666
802.977 902.258
785.678 881.909
821.776 899.011
806.73 883
768.541 911.917
785.686 921.592
827.786 922.878
827.63 894.889
811.158 911.066
791.029 887.388
815.563 877.233
813.329 917.033
762.182 893.071
796.704 894.629
813.223 906.208
780.275 926.448
808.91 911.433
757.873 913.265
774.628 881.517
770.715 865.448
788.758 900.22
819.107 902.151
822.417 901.094
794.258 911.331
845.311 899.764
790.838 905.575
817.795 913.4
817.412 906.57
774.052 875.882
807.686 933.879
805.889 906.666
771.553 886.69
786.54 919.654
809.209 939.518
813.872 945.841
769.233 908.846
807.124 901.949
767.072 906.598
794.561 900.798
828.14 901.961
788.715 890.792
818.857 924.699
804.675 917.028
795.401 896.787
799.857 892.457
801.142 926.99
783.599 941.454
818.911 874.95
791.133 861.815
813.154 925.478
816.252 922.073
796.167 884.403
797.139 903.685
801.569 895.787
791.207 902.391
815.026 885.036
820.324 921.164
787.56 911.772
803.139 868.643
818.102 901.949
758.875 892.143
834.102 908.969
809.662 898.768
797.081 907.168
792.702 916.756
811.442 909.081
761.921 922.95
781.17 864.286
752.221 920.966
821.247 910.475
798.939 919.331
826.355 913.362
784.247 918
771.728 888.155
818.863 915.243
803.863 874.644
800.62 860.317
826.534 907.131
796.704 967.614
795.954 863.872
745.92 884.982
823.491 891.038
823.391 907.899
785.141 927.665
797.114 878.852
798.651 921.213
777.61 893.709
788.751 953.372
783.811 907.791
791.551 909.593
781.819 895.771
789.812 890.857
784.181 884.407
795.819 898.548
774.568 917.027
804.647 910.887
797.64 882.852
802.371 884.304
797.479 925.258
781.372 929.739
807.931 902.405
826.995 917.397
805.959 906.676
796.151 920.197
795.109 917.185
830.181 928.4
826.179 882.023
814.485 925.812
817.234 901.26
811.232 883.49
803.188 892.627
805.726 912.817
802.921 895.494
808.567 901.67
781.859 895.667
785.362 934.747
793.868 899.412
795.064 876.508
807.759 888.074
811.071 886.114
827.068 912.881
782.98 869.461
811.799 908.237
823.636 932.097
804.49 888.606
808.538 882.617
809.516 913.202
801.311 920.139
786.434 878.502
793.392 904.223
814.456 887.776
816.529 944.513
813.877 881.728
746.167 910.166
822.114 895.404
821.236 878.65
816.134 904.109
791.349 897.452
800.399 908.041
793.615 895.661
808.074 883.626
811.934 873.879
780.755 884.106
844.589 922.344
816.013 927.266
804.476 904.298
769.448 905.069
775.547 919.359
793.231 905.196
796.612 901.38
808.271 885.477
795.792 881.705
821.877 897.072
788.511 859.514
791.024 903.039
792.382 889.569
815.149 907.467
813.348 886.886
814.412 872.92
794.985 895.259
817.52 911.993
789.329 907.175
792.156 915.401
809.51 897.247
821.774 887.397
817.706 912.355
792.692 942.468
790.885 876.438
803.901 893.744
818.538 904.193
800.189 911.139
782.387 909.692
795.285 896.335
801.333 912.908
828.979 909.433
816.645 905.356
803.18 887.615
822.118 903.928
742.14 890.723
794.848 885.186
836.399 915.81
798.965 926.175
818.176 890.765
757.915 896.549
793.187 915.984
801.353 904.142
810.439 881.485
794.312 897.112
834.763 891.437
801.043 896.222
807.897 876.126
807.582 882.269
784.088 927.843
803.284 843.976
813.968 916.617
841.406 896.734
792.926 902.78
808.298 918.041
819.974 903.762
810.137 890.322
817.158 893.417
792.875 922.812
775.468 888.61
789.222 891.65
804.249 905.672
773.845 897.457
793.906 892.397
797.919 961.307
812.621 895.612
814.986 898.178
772.054 875.219
791.879 946.057
811.347 894.085
785.324 888.048
822.002 906.648
822.699 905.724
792.504 915.077
789.258 877.051
804.541 911.921
781.495 928.914
788.561 902.674
788.285 906.626
785.789 904.62
755.193 871.931
766.779 907.493
785.054 905.736
817.415 937.512
790.192 913.112
796.553 874.262
798.963 923.482
815.716 870.463
800.982 899.814
785.098 870.25
808.261 924.481
797.108 896.293
822.302 898.248
775.949 880.438
825.113 881.267
798.111 892.017
818.898 888.838
795.515 901.239
775.268 902.963
792.58 893.828
807.643 909.793
797.913 881.912
794.135 898.994
807.941 891.119
788.467 886.703
818.728 910.879
802.929 889.943
794.393 869.374
805.301 879.596
794.084 909.036
828.641 906.546
805.042 887.384
805.84 905.983
797.582 861.57
813.047 900.693
823.444 904.405
829.525 889.69
789.436 888.708
815.444 908.575
800.907 872.148
824.467 882.55
774.466 904.185
800.334 902.575
772.975 901.706
802.117 918.716
811.39 902.391
779.382 902.387
819.363 894.279
808.543 918.353
795.147 894.365
805.337 906.485
808.845 887.24
836.936 913.11
792.939 916.864
824.408 885.979
790.463 905.528
804.323 906.68
793.782 905.701
807.96 905.012
783.354 890.541
796.003 880.701
773.041 895.254
821.071 898.453
806.393 915.871
787.157 907.435
800.598 925.625
817.493 929.235
805.018 910.461
816.52 927.819
813.477 902.771
790.856 921.517
840.138 929.431
772.286 908.755
807.743 926.157
802.164 911.02
795.446 909.548
803.327 902.332
798.795 886.47
805.993 939.917
799.762 848.306
805.637 919.782
787.696 905.185
779.377 907.372
791.959 901.187
790.987 890.838
794.543 869.221
838.727 897.207
806.203 909.934
807.634 894.848
801.187 926.755
844.881 900.943
812.775 892.967
800.709 881.657
777.553 941.352
783.319 892.162
805.652 896.228
815.278 914.706
780.806 890.743
823.894 890.146
809.623 870.035
795.851 892.026
785.505 910.404
805.033 875.003
793.637 889.638
799.773 860.503
781.803 891.264
791.912 922.93
780.904 862.397
808.099 889.148
787.028 882.808
802.158 894.033
806.179 889.15
779.324 925.599
781.953 895.037
784.926 878.659
747.547 931.38
786.285 905.266
815.27 891.605
809.059 886.61
804.136 901.817
816.606 892.809
764.307 910.661
791.954 861.375
785.802 880.508
792.124 898.276
791.558 885.933
793.789 891.829
809.483 911.083
779.547 895.565
799.723 892.333
798.28 917.515
781.067 889.92
772.822 916.067
797.338 907.084
787.01 890.88
785.543 931.391
828.541 906.024
772.297 900.537
835.995 928.734
784.035 877.841
781.893 899.582
831.079 866.247
788.829 928.389
776.689 904.195
791.429 893.565
774.441 912.399
824.33 895.35
800.586 900.535
793.329 888.679
787.004 912.549
826.391 919.357
798.853 944.993
782.482 917.968
808.465 893.738
821.618 905.51
814.978 876.465
795.265 916.798
782.931 881.877
772.142 942.525
822.879 868.286
787.311 912.216
840.342 919.175
805.299 905.184
810.408 915.041
793.515 954.237
817.131 903.657
824.669 909.44
762.707 903.504
800.975 936.182
799.644 887.437
801.682 907.956
812.853 926.885
810.145 888.759
793.221 878.726
800.45 880.185
809.722 853.423
812.198 905.157
774.547 912.076
798.889 873.926
794.81 890.831
814.369 886.039
813.516 926.305
787.307 904.746
803.766 934.987
816.01 926.597
797.516 891.831
811.619 896.224
796.19 905.256
789.457 893.113
805.834 881.621
776.529 936.716
782.161 884.26
812.312 890.822
803.48 912.057
809.426 896.54
814.332 900.857
784.826 868.264
802.843 901.119
789.553 899.745
782.222 911.335
796.572 900.957
783.83 888.98
840.698 904.996
778.631 892.651
836.159 880.99
815 902.723
785.383 892.73
828.579 911.242
788.096 867.697
761.578 898.268
787.093 899.547
809.32 886.057
787.613 931.598
780.544 896.935
779.077 921.901
849.664 894.547
808.56 948.58
808.503 909.306
798.351 906.134
818.044 875.32
832.711 909.789
783.225 926.351
806.385 888.742
801.043 915.161
820.909 868.717
779.623 886.56
817.674 853.138
766.023 924.196
805.757 901.229
797.845 865.71
790.977 904.76
743.973 932.232
836.911 897.01
783.668 893.917
813.724 913.174
777.978 910.096
788.567 925.433
804.772 921.297
803.365 914.407
814.489 897.206
793.897 878.429
785.841 894.224
814.412 896.019
829.015 892.011
805.077 900.932
794.881 904.186
813.293 902.192
774.12 893.541
787.438 905.351
793.412 918.759
835.319 896.066
793.525 914.166
851.036 880.619
786.904 894.17
765.262 911.818
803.314 889.168
834.606 901.03
800.559 885.597
840.073 901.281
791.028 903.572
769.801 893.47
796.675 905.814
772.338 902.974
789.464 911.799
785.143 898.347
778.162 887.672
788.43 904.986
809.377 925.015
822.635 918.671
784.817 922.023
790.891 866.623
794.008 884.002
761.538 907.264
788.47 942.377
784.112 904.052
790.557 891.01
797.705 904.168
802.441 880.594
818.574 882.722
806.592 895.426
788.174 890.491
803.733 878.139
804.05 879.721
749.014 924.985
814.038 893.089
800.009 888.808
806.196 939.515
770.164 901.447
798.335 874.189
804.565 896.249
780.254 892.216
813.196 902.564
808.843 922.74
810.444 929.227
810.354 935.956
795.477 880.12
830.022 903.2
817.887 882.705
798.435 889.951
800.451 899.802
829.236 893.154
809.681 902.572
803.899 895.008
849.228 893.684
790.048 911.346
819.156 905.018
789.181 889.359
805.337 900.008
783.571 904.3
801.269 902.076
806.986 907.228
817.765 886.527
805.355 886.727
793.198 882.491
844.843 905.23
798.101 885.82
794.054 891.103
806.603 910.799
828.606 899.443
792.095 920.998
803.9 938.926
810.238 915.721
801.937 931.889
780.768 925.712
815.263 878.078
802.492 923.877
781.513 895.439
791.468 883.108
797.464 903.054
785.566 914.904
807.106 918.385
805.19 891.466
795.709 880.675
790.274 879.523
822.831 898.129
817.024 897.273
769.372 904.392
758.61 909.818
797.289 913.001
814.651 907.701
797.144 902.416
797.247 891.673
787.174 868.959
797.651 881.483
830.144 894.36
794.832 895.505
792.993 893.73
792.945 894.993
815.613 908.839
803.698 907.712
791.297 912.493
763.386 903.243
770.741 926.757
793.282 892.705
782.309 889.131
798.474 905.616
821.302 923.345
788.389 921.302
786.258 893.41
784.35 911.486
799.136 878.988
795.255 929.384
804.321 892.997
816.798 890.28
826.835 884.499
756.992 876.26
779.554 914.195
814.462 900.476
758.434 910.448
789.965 875.472
828.859 876.181
812.383 875.719
815.487 891.158
825.752 895.05
788.69 904.881
830.244 902.189
786.234 898.895
814.686 902.78
801.942 879.622
790.672 882.2
769.454 905.223
792.678 931.927
780.803 918.249
794.231 875.063
813.654 869.73
792.294 861.148
791.354 864.505
788.302 907.261
790.61 895.272
791.034 889.16
782.804 883.156
794.697 894.559
1175.06 1125.91
1208.11 1119.46
1207.76 1118.63
1183.24 1110.04
1215.97 1081.18
1230.65 1096.43
1212.77 1093.69
1225.86 1086.24
1209.46 1105.21
1200.15 1112.68
1212.58 1100.67
1199.39 1098.75
1196.48 1116.1
1203.55 1099.8
1238.15 1108.71
1212.09 1086.48
1218.88 1107.96
1151.24 1115.14
1236.2 1093.14
1205.78 1095.03
1234.56 1097.74
1214.36 1097.04
1204.09 1039.15
1225.7 1123.55
1158.37 1113.61
1241.3 1110.55
1181.86 1068.33
1202.32 1083.37
1229.94 1105.75
1162.27 1084.83
1176.87 1108.2
1211.64 1094.21
1200.06 1120.25
1199.98 1065.27
1194.72 1096.99
1184.46 1128.72
1204.49 1121.95
1187.45 1110.94
1202.83 1105.75
1175.94 1080.3
1186.21 1114.95
1197.52 1126.96
1192.18 1112.5
1187.01 1138.41
1235.45 1093.35
1205.46 1108.99
1212.28 1120.04
1212.55 1110.69
1188.37 1078.32
1196.1 1099.11
1205.87 1104.47
1216.36 1096.02
1194.02 1100.69
1225.32 1085.95
1174.71 1117.79
1206.67 1105.05
1218.4 1086.46
1212.03 1089.55
1181.66 1123.4
1206.08 1091.19
1179.61 1095.73
1204.8 1071.14
1222.33 1109.01
1191.15 1100.66
1222.35 1121.98
1201.75 1104.99
1211.66 1085.53
1184.83 1092.81
1205.95 1079.09
1234.78 1081.24
1213.51 1109.15
1222.91 1121.61
1210.29 1110.19
1164.4 1098.27
1211.35 1112.27
1198.83 1106.58
1199.59 1091.43
1177.48 1109.76
1173.41 1129.94
1180.23 1082.12
1212.99 1081
1175.47 1084.22
1215.83 1103.22
1207.7 1100.65
1190.48 1076.15
1218.89 1065.81
1222.86 1082.24
1195.2 1107.57
1220.1 1115
1214.05 1105.07
1193.34 1087.36
1190.56 1072.49
1214.64 1104.1
1184.58 1129.79
1173.12 1107.73
1213.35 1093.48
1203.14 1105.1
1187.71 1121.15
1204.73 1099.57
1221.09 1110.18
1189.34 1119.66
1197.15 1102.37
1218.74 1108.07
1204.07 1090.61
1190.77 1107.33
1182.04 1079.17
1184.99 1099.24
1192.22 1117.02
1183.9 1101.38
1170.82 1082
1188.06 1119.98
1209.53 1105.14
1198.2 1100.42
1181.27 1110.86
1207.59 1072.24
1198.73 1120.48
1195.57 1106.86
1225.97 1086.03
1182.28 1104.23
1166.46 1110.79
1213.43 1092.64
1229.49 1100.54
1200.06 1086.95
1148.81 1079.43
1207.72 1096.45
1203.63 1098.6
1204.87 1088.5
1209.02 1062.78
1176.5 1096.93
1189.15 1097.15
1202.75 1100.69
1203.19 1103.78
1212.02 1075.06
1228.98 1072.78
1187.06 1097.42
1173.44 1069.16
1215.87 1101.72
1200.61 1065.48
1192.52 1132.91
1215.89 1081.18
1184.5 1099.56
1209.71 1095.87
1190.17 1134.49
1192.81 1118.53
1182.32 1056.93
1199.33 1070.68
1174.73 1090.06
1210.42 1105.09
1211.84 1097.21
1200.61 1103.64
1222.03 1080.55
1188.47 1081.06
1214.03 1097.21
1193.6 1128.27
1217.32 1099.53
1206.58 1097.21
1222.58 1117.72
1180.44 1061.71
1206.47 1102.07
1205.93 1107.43
1221.64 1116.44
1173.38 1078.2
1195.79 1070.85
1227.1 1088.25
1225.09 1121.2
1211.01 1127.03
1196.97 1125.92
1223.34 1140.51
1226.11 1067.09
1168.96 1107.03
1191.59 1075.03
1195.71 1107.92
1234.14 1103.27
1240.62 1092.36
1210.54 1099.67
1197.24 1078.62
1205.7 1120.16
1213.66 1106.8
1159.02 1099.22
1206.09 1065.61
1177.31 1076.97
1197.19 1118.64
1207.79 1099.68
1216.84 1058.56
1186.95 1116.19
1199.05 1131.01
1215 1117.94
1188.48 1056.24
1235.73 1075.58
1223.07 1113.88
1202.42 1099.39
1201.27 1105.01
1192.32 1097.98
1195.31 1074.67
1236.24 1090.8
1187.03 1078.89
1179.87 1111.58
1203.14 1113.41
1190.84 1122.02
1169.53 1096.84
1201.86 1094.81
1204.98 1075.31
1218.39 1104.58
1189.91 1086.2
1230.11 1093.7
1180.09 1113.53
1199.42 1129.51
1187.97 1113.31
1194.55 1100.07
1215.15 1064.1
1180.51 1085.58
1180.21 1101.87
1182.38 1098.42
1190.76 1093.16
1191.68 1099.5
1173.38 1112.3
1209.63 1080.37
1176.22 1099.68
1216.33 1125.61
1202.16 1066.3
1225.18 1110.03
1203.61 1082.33
1184.7 1108.88
1163.02 1123.75
1205.25 1083.66
1197.82 1106.99
1176.47 1103.51
1187 1112.93
1200.78 1125.28
1204.84 1071.64
1173.5 1102.31
1201.44 1087.12
1164.75 1124.43
1219.04 1105.39
1211.21 1078.66
1249.69 1087.5
1199.43 1100.31
1203.36 1076.87
1226.36 1113.08
1206.6 1143.08
1202.74 1102.94
1199.71 1066.59
1174.56 1083
1224.77 1104.2
1214.14 1109.6
1219.37 1113.43
1221.34 1094.57
1199.77 1083.2
1205.46 1077.08
1214.02 1107.06
1203.77 1117.34
1183.63 1075.72
1181.61 1083.21
1229.16 1072.35
1183.64 1088.24
1185.63 1108.55
1242.32 1109.93
1188.06 1096.81
1215.85 1102.97
1222.27 1108.61
1168.27 1099.65
1197.47 1085.64
1159.96 1098.97
1215.96 1094.07
1218.03 1117.27
1195.88 1125.15
1217.67 1110.62
1196.66 1121.51
1178.64 1130.62
1192.8 1073.8
1208.87 1096.71
1203.95 1134.92
1184.53 1110.09
1203.78 1098.5
1190.18 1080.25
1194.64 1101.73
1192.52 1089.39
1214.79 1081.42
1209.65 1094.1
1216.5 1068.9
1192.85 1118.97
1190.03 1088.17
1164.51 1089.93
1180.28 1123.6
1187.25 1055.78
1209.19 1112.48
1194.91 1113.56
1192.13 1108.33
1210.65 1080.93
1192.64 1110.68
1184.22 1098.21
1228.89 1075.23
1212.58 1143.28
1187.32 1097.3
1214.64 1087.6
1178.88 1063.08
1159.23 1087.67
1186.55 1130.95
1199.72 1091.13
1207.66 1073.98
1181.92 1109.78
1209.2 1141.16
1205.1 1098.18
1223.06 1089.34
1223.3 1100.06
1203.84 1097.78
1220.04 1098.13
1193.04 1096.71
1204.58 1078.77
1213.68 1111.2
1200.42 1101.23
1191.62 1082.1
1213.55 1105.1
1219.98 1091.1
1160.89 1121.31
1205.81 1075.75
1186.16 1063.43
1210.41 1086.42
1189.76 1079.7
1197.32 1111.68
1194.63 1091.7
1183.8 1114.76
1176.64 1094.85
1197.58 1120.03
1220.55 1082.05
1211 1113.57
1171 1104.38
1202.32 1107.07
1209.33 1090.7
1186.15 1109.72
1203.29 1120.4
1207.03 1093.01
1176.83 1126.47
1202.02 1121.18
1221.74 1127.54
1206.51 1106.96
1232.46 1088.64
1223.78 1108.41
1219.55 1085.39
1233.2 1055.16
1203.99 1075.27
1166.4 1075.28
1204.95 1122.36
1163.47 1077.38
1184.76 1105.26
1209.08 1084.88
1174.33 1119.83
1200.27 1109.1
1190.89 1110.08
1206.61 1104.84
1223.14 1090.19
1206.11 1059.67
1223.42 1113.75
1223.77 1100.23
1236.92 1107.52
1207.83 1113.04
1192.66 1095.02
1229.44 1104.9
1210.65 1119.63
1213.52 1095.73
1193.27 1108.65
1199.41 1122.21
1194 1121.36
1176.56 1097.54
1195.22 1103.6
1177.28 1126.03
1213.87 1109.06
1209.49 1095.34
1188.47 1112.65
1212.33 1076.65
1185.38 1094.64
1197.9 1105.4
1219.8 1098.54
1195.85 1099.26
1189.79 1120.01
1180.34 1102.26
1213.89 1087.52
1203.26 1118.91
1201.93 1088.96
1207.14 1064.37
1220.33 1093.96
1213.94 1108.25
1199.34 1111.14
1188.54 1097.48
1214.13 1130.04
1218.96 1116.09
1192.96 1110.87
1212.53 1078.73
1213.26 1065.55
1173.44 1092.65
1203.92 1063.62
1219.07 1101.15
1188.08 1108.69
1196.1 1107.37
1219.71 1101.63
1191.23 1112.96
1197.26 1085.39
1214.06 1143.99
1180.09 1110.36
1179.9 1098.49
1198.06 1100.27
1188.96 1092.5
1207.93 1080.72
1178.76 1114.45
1197.29 1070.35
1205.68 1071.28
1203.82 1108.76
1205.86 1100.83
1194.39 1083.44
1225.13 1112.49
1204.59 1105.96
1197.32 1085.02
1198.25 1104.24
1193.5 1095.85
1226.88 1126.51
1183.91 1106.78
1202.42 1115.51
1189.84 1117.36
1227.33 1095.93
1239.87 1105.29
1205.73 1094.79
1222.01 1113.75
1218.94 1110.84
1206.17 1098.73
1221.31 1098.5
1191.08 1121.1
1202.48 1064.35
1205.26 1097.88
1200.32 1121.01
1210.11 1078.07
1195.41 1114.64
1207.84 1106.12
1201.53 1059.46
1194.45 1106.44
1187.17 1100.77
1207.41 1104.86
1175.52 1106.57
1194.66 1115.5
1182.41 1056.46
1174.77 1130.66
1226.83 1116.69
1209.69 1121.47
1213.16 1084.4
1191.69 1111.45
1155.54 1127.75
1217.13 1104.75
1198.95 1116.12
1161.7 1110.63
1214.88 1121.72
1214.94 1089.76
1221.79 1111.46
1193.94 1097.27
1171.19 1086.93
1167.06 1072.61
1218.56 1087.55
1188.96 1105.86
1210.87 1111.87
1160.64 1080.74
1223.54 1116.52
1246.19 1146.24
1203.05 1091.14
1200.32 1095.82
1211.91 1080.21
1194.68 1101.37
1198.52 1111.19
1180.85 1113.61
1213.3 1091.82
1210.24 1089.78
1213.32 1092.99
1213.77 1096.43
1189.44 1121.14
1202.79 1107.75
1181.55 1091.88
1201.11 1073.97
1220.65 1105.83
1202.91 1072.95
1188.81 1083.93
1208.4 1073.08
1229.71 1086.94
1182.31 1099.41
1210.09 1094.69
1187.53 1083.97
1233.53 1100.89
1183.89 1092.09
1167.66 1128.59
1211.29 1103.73
1203.76 1092.61
1181.61 1112.1
1170.83 1111.57
1192.78 1115.46
1181.91 1087.67
1161.01 1108.94
1199.78 1100.04
1209.02 1120.46
1205.32 1110.83
1182.4 1112.37
1192.95 1114.81
1189.15 1082.85
1221.27 1114.37
1217.2 1106.6
1165.93 1132.23
1190.56 1125.59
1194.94 1102.83
1196.54 1098.22
1184.5 1070.63
1207.06 1091.93
1200.5 1103.47
1193.54 1116.94
1206.67 1101.82
1189.88 1135.07
1195.29 1083.07
1196.83 1103.61
1187.47 1112.25
1176.96 1115.65
1199.03 1073.33
1168.68 1105.55
1198.41 1082.25
1218.43 1088.83
1217.55 1107.97
1217.67 1100.63
1202.05 1083.78
1204.93 1107.61
1178.81 1112.27
1193.59 1108.13
1203.44 1133.67
1213.4 1058.66
1213.51 1136.25
1195.39 1134.57
1178.35 1087.27
1193.66 1076.34
1218.09 1086.99
1223.31 1117.52
1192.26 1082.54
1183.91 1077.81
1174.6 1108.55
1190.2 1118.65
1201.54 1102.09
1223.05 1085.35
1188.8 1075.51
1178.31 1097.89
1177 1104.91
1201.75 1087.16
1225.35 1083.83
1185.69 1070.83
1196.56 1095.57
1215.7 1094.12
1194.81 1111.77
1220.93 1104.84
1196.07 1097.71
1224.71 1083.35
1205.03 1080.47
1174.33 1090.64
1161.3 1100.02
1207.27 1114.45
1205.87 1116.69
1198.37 1111.17
1195.13 1110.2
1197.47 1097.94
1236.49 1096.03
1197.76 1129.4
1157.89 1068.99
1237.26 1087.42
1238.4 1078.57
1202.04 1125.78
1180.56 1100.67
1185.56 1105.46
1210.63 1073.83
1198.33 1107.28
1212.93 1127.7
1210.5 1143.21
1209.24 1091.51
1185.23 1128.41
1186.01 1102.22
1185.9 1107.8
1174.8 1094.13
1195.41 1059.31
1231.58 1103.4
1193.16 1107.73
1203.23 1102.83
1188.9 1085.89
1211.32 1105.9
1228.33 1114.74
1216.41 1100.22
1207.04 1073.73
1219.38 1076.83
1212.53 1058.29
1225.37 1105.2
1213.61 1080.01
1194.02 1126.18
1220.35 1094.83
1202.98 1137.71
1213.42 1082.09
1198.82 1089.22
1209.21 1097.41
1177.58 1095.89
1208.26 1111.1
1192.8 1089.7
1181.68 1090.13
1186.99 1107.39
1192.7 1084.94
1211.65 1083.94
1183.36 1110.37
1188.4 1097.97
1234.95 1101.98
1184.36 1109.14
1186.46 1102.35
1226.74 1066.6
1201.58 1091.77
1185.84 1080.53
1220.11 1102.93
1201.96 1095.66
1241.75 1153.92
1183.77 1082
1229.39 1078.65
1178.15 1091.29
1185.95 1106.24
1208.5 1127.3
1158.17 1107.11
1191.95 1109
1223.05 1082.49
1218.26 1136.25
1194.36 1130.21
1214.08 1096.65
1188.4 1075.31
1217.76 1089.43
1218 1111.74
1197.04 1099.71
1206.41 1094.85
1167.38 1106.81
1203.66 1073.97
1187 1089.36
1193.74 1105.34
1222.4 1103.57
1209.84 1116.72
1152.21 1097.83
1161.82 1095.53
1182.07 1114.62
1203.65 1111.32
1159.41 1085.28
1204.42 1137.2
1190.56 1120.34
1201.08 1121.45
1197.64 1092.73
1207.1 1116.76
1218.56 1090.08
1181.16 1083.13
1215.53 1102.39
1180.98 1095.27
1221.58 1107.87
1188.36 1120.63
1195.89 1075.87
1217.28 1112.19
1217.73 1093.53
1211.5 1075.89
1214.69 1090.97
1198.69 1098.03
1203.33 1092.38
1215.47 1111.88
1175.9 1090.32
1213.19 1092.56
1205.78 1080.91
1201.04 1105.52
1212.46 1090.08
1208.05 1105.49
1194.57 1108.38
1216.29 1123.46
1188.17 1088.7
1182.6 1098.15
1235.1 1109.67
1186.66 1120.31
1179.57 1150.43
1215.23 1090.77
1200.45 1110.73
1220.06 1078
1167.48 1104.38
1201.97 1081.87
1177.02 1107.02
1223.39 1064.88
1197.02 1111.35
1233.68 1103.37
1205.26 1079.78
1200.05 1106.66
1218.56 1070.52
1201.81 1118.72
1213.73 1091.16
1185.44 1095.96
1211.44 1101.59
1222.38 1102.73
1204.98 1127.01
1181.38 1108.66
1204.98 1107.99
1214.21 1106.46
1196 1104.58
1210.79 1099.59
1186.63 1101.98
1198.46 1086.09
1189.78 1124.85
1190.24 1079.78
1169.81 1129.56
1194.98 1075.6
1204.03 1095.48
1194.61 1104.58
1165.63 1161.3
1181.16 1108.4
1212.05 1100.61
1240.38 1116.22
1207.09 1102.81
1223.77 1087.07
1193.99 1083.62
1181.73 1105.12
1222.38 1091.83
1231.23 1091.57
1208.29 1104.27
1191.7 1124.53
1195.6 1093.45
1208.58 1120.79
1193.53 1110.53
1196.83 1092.31
1200.61 1096.46
1195.62 1093.26
1211.4 1073.46
1214.08 1099.52
1175.57 1089.62
1189.92 1098.56
1168.36 1084.24
1188.42 1093.14
1173.9 1101.2
1178.68 1083.11
1173.04 1076.49
1209.87 1085.34
1199.66 1098.58
1177.93 1109.54
1218.81 1066.85
1219.94 1111.1
1213.15 1109.4
1206.54 1134.56
1193.43 1119.07
1217.53 1120.15
1209.39 1105.68
1209.17 1115.05
1198.66 1147.26
1182.61 1094.81
1193.33 1085.31
1203.82 1092.65
1200.18 1123.88
1175.57 1088.3
1179.09 1110.23
1229.87 1113.99
1229.76 1112.5
1227.93 1094.75
1197.09 1110.31
1214.42 1105.89
1207.38 1133.22
1205.39 1092.22
1187.55 1087.7
1232.37 1108.74
1182.42 1101.77
1195.69 1093.1
1175.43 1097.88
1228.99 1062.08
1191.72 1105.72
1193.75 1107.35
1188.36 1082.48
1165.65 1095.72
1182.68 1086.74
1204.94 1120.77
1204.65 1073.48
1233.52 1106.83
1229.46 1097.59
1208.82 1062.03
1178.88 1112.58
1182.69 1138.2
1217.18 1111.55
1195.1 1098.3
1185.53 1090.33
1195.28 1123.3
1166.61 1086.36
1173.6 1112.79
1208.74 1054.11
1204.38 1099.32
1205.06 1076.74
1216.64 1082.22
1211.14 1106.07
1228.4 1095.28
1183.74 1086.16
1207.19 1118.87
1180.08 1115.95
1204.08 1090.63
1145.07 1106.64
1214.48 1113.9
1192.48 1100.16
1179.86 1089.86
1212.76 1107.91
1183.87 1108.48
1227.48 1104.47
1205.39 1099.53
1181.51 1126.24
1200.61 1094.12
1189.94 1073.29
1190.46 1089.58
1229.48 1101.32
1227.66 1106.76
1183.47 1093.44
1168.13 1119.04
1192.82 1047.99
1180 1108.77
1191.41 1123.51
1230.45 1117.83
1207.14 1082.17
1191.38 1109.02
1198.25 1097.22
1200.4 1126.4
1192.28 1091.08
1214.23 1099.55
1210.74 1095.17
1179.14 1121.91
1188.8 1069.59
1216.28 1099.49
1199.94 1099.21
1199.82 1103.73
1170.31 1126.61
1170.93 1088.26
1207.1 1106.62
1200.54 1096.95
1194.88 1104.1
1177.32 1096.07
1202.53 1098.15
1181.68 1109.84
1234.24 1115.87
1224.19 1096.35
1184.9 1108.52
1208.27 1118.26
1221.89 1109.24
1189.45 1122.8
1203.27 1118.82
1187.8 1101.75
1227.38 1076.54
1164.59 1089.43
1229.17 1089.64
1219.62 1086.36
1197.45 1113.4
1217.15 1079
1190.44 1076.75
1198.18 1108.11
1219.79 1099.02
1197.6 1128.99
1184.8 1104.36
1192.11 1112.72
1183.48 1093.72
1190.2 1080.85
1207.63 1092.32
1152.47 1125.5
1229.72 1089.03
1180.43 1108.19
1176.21 1133.42
1222.72 1116.71
1211.93 1117.49
1175.6 1083.65
1170.31 1109.75
1194.77 1103.16
1213.21 1105.01
1202.9 1081.18
1186.46 1067.03
1219.83 1114.91
1187.85 1085.76
1182.24 1096.99
1187.34 1117.04
1154.56 1106.53
1185.68 1087.49
1185.73 1102.9
1200.6 1098.24
1225.02 1060.95
1199.23 1120.66
1222.41 1138.16
1198.72 1101.32
1232.01 1103.19
1224.77 1088.61
1231.71 1073.82
1193.7 1075.14
1200.7 1096.42
1170.56 1097.33
1221.81 1099.48
1192.11 1125.77
1193.49 1105.12
1178.9 1115.54
1186.31 1158.88
1220.53 1094.18
1202.14 1089.11
1191.99 1102.84
1212.78 1085.49
1210.01 1143.62
1214.75 1104.09
1194.41 1100.42
1212.99 1093.3
1183.36 1067.24
1148.86 1069.99
1203.24 1093.31
1197.25 1103.89
1204.55 1117.44
1198.69 1091.53
1207.83 1122.91
1203.4 1097.53
1178.36 1104.03
1230.3 1048.93
1211.24 1094.24
1200.63 1119.12
1183.04 1113.22
1197.54 1088.99
1188.9 1083.31
1202.07 1143.4
1221.24 1108.05
1199.47 1107.41
1214.85 1067.27
1189.85 1090.34
1195.46 1121.09
1182.24 1080.85
1197.74 1106.68
1179.96 1087.77
1178.42 1084.39
1196.36 1084.79
1186.68 1090.93
1233.62 1123.74
1155.59 1093.47
1202.87 1120.77
1193.98 1059.11
1190.04 1097.78
1188.17 1087.79
1193.76 1083.99
1235.12 1090.33
1203.88 1106.06
1186.05 1088.65
1170.96 1092.41
1182.22 1123.39
1183.97 1089.81
1219.25 1055.65
1192.35 1096.87
1225.62 1095.25
1165.42 1131.46
1197.14 1132.84
1184.92 1125.23
1228.67 1100.83
1187.83 1148.79
1218.76 1082.93
1183.35 1087.14
1199.68 1112.85
1226.45 1099.31
1227.84 1099.64
1203.17 1108.86
1198.65 1104.72
1208.86 1098.82
1173.71 1109.31
1242.79 1090.44
1153.2 1085.89
1185.76 1098.27
1197.84 1097.17
1195.51 1082.99
1218.02 1069.52
1192.99 1082.9
1187.67 1115.36
1153.84 1081.15
1195.42 1088.43
1203.1 1106.62
1199.48 1064.84
1199.57 1092.89
1205.3 1081.38
1225.09 1092.22
1228.06 1109.9
1203.58 1101.67
1206.74 1089.81
1225.42 1120.7
1188.95 1092.16
1174.14 1109.79
1203.82 1098.06
1200.43 1101.44
1186.7 1091.35
1206.01 1114.92
1192.92 1100.65
1192.32 1089.07
1210.38 1102.79
1172.14 1096.43
1177.27 1062.04
1226.19 1108.67
1160.85 1134.01
1201.38 1097.2
1226.26 1108.25
1173.98 1104.96
1169.02 1080.63
1177.89 1088.78
1223.42 1109.07
1201.04 1112.89
1226.84 1089.68
1186.7 1125.78
1192.56 1110.92
1201.88 1111.85
1203.08 1123.47
1190.3 1071.86
1193.9 1087.72
1199.72 1095.35
1166.23 1121.81
1205.23 1082.15
